# Number of parameters = 202  Objective function value = -834.003  Maximum gradient component = 0.000111724
# theta[1]:
5.87418269700
# theta[2]:
0.660105054644
# theta[3]:
-1.24624413856
# theta[4]:
5.23826191059
# theta[5]:
4.88162146945
# theta[6]:
0.363953037667
# theta[7]:
0.858040226468
# sel_par[1]:
 1.97538086968 0.350990221305
# sel_par[2]:
 1.33895478614 -0.533037613155
# sel_par[3]:
 -0.306217306205 -2.00295701170
# sel_par[4]:
 0.720275847948 -2.99573227355
# sel_par[5]:
 0.720275847948 -2.99573227355
# log_ft_pars:
 0.905041445447 1.47057872030 -1.69840508010 0.993049760829 0.824210613484 0.215774980061 1.57049412873 -0.301275084299 -0.0242911536926 0.205939666376 0.855236815990 0.328227492532 0.716306430381 0.621015239234 1.40347783836 1.37711349293 1.38627813859 0.187481150769 -1.05583867682 -0.0786859547417 -1.73125003196 -3.24907683765 -3.73522854605 -4.00150600249 -3.11385907475 -2.70007368315 -0.792046465772 -1.08122751092 -1.93848849641 -1.22803787398 -1.46534721304 -4.54964801560 -4.27196717017 -4.06705249402 -5.12836471148 -5.44190386999 -5.36274338172 -5.85401919665 -4.71025738763 -1.10589138479 -2.12685808312 -1.95439697016 -2.40689231976 -1.90387254127 -1.17487784266 -1.85769474248 -1.95426850356 -1.70366318580 -2.45736124776 -4.60286129218 -2.81320890846 -2.41149789539 -2.37368340340 -2.79381192110 -2.14956264555 -2.01932288980 -2.45259881967 -2.93105600617 -3.14620850252 -2.61940119809 -2.40311319877 -3.53318657874 -4.70012718087 -2.95364018727 -3.13723772516 -2.43922583331 -2.88106951682 -2.59313799225 -2.43538919861 -2.81112099947 -3.60365508155 -3.30055435894 -3.66658354981 -7.25298355360 -1.68239015779 -6.78857014555 -3.99185054108 -2.20388190413 -1.05880378813 -1.45206488929 -1.40086420651 -2.59580317121 -2.01800810879 -1.50177118797 -1.46830252669 -1.48786493321 -1.24925127499 -0.944499178171 -1.61827560054 -1.69873547835 -1.08427937603 -0.927599320464 -1.51099916924 -2.21237044609 -1.39085989581 -0.446247792983 -0.691681454451 -1.50684904473 -1.05250837845 -1.47628573253 -0.993252282479 -0.747791804524 -0.771033876224 -0.833394845327 -1.00204630753 -1.38062573574 -1.11865079423 -1.01283965845 -1.39934485606
# init_log_rec_devs:
 1.59325242662 2.05687705606 0.940380951229 0.306037283187 -1.28160322981 -1.14038018405 -0.980940901467 -1.49362341623
# log_rec_devs:
 0.427180047937 0.0855115325606 0.805251133652 -0.600892071764 0.286032640303 -0.377328293197 0.243211972199 0.829026610454 -0.462297453519 1.62594879105 0.800532542082 0.178413419286 1.68667450650 -0.266912269712 -0.589940178701 0.290530170705 -0.760216130165 -1.33644883845 -0.525983709706 -0.00966343685470 -0.967430987570 -0.305459909090 -0.246725941319 -0.553266430635 -1.42363983145 -1.03228854517 -1.61110934394 -1.87071826410 -0.156680559432 -0.727874667946 -0.701447467106 -0.291472229300 0.712196817043 -0.226679908446 -0.441543791214 0.575131652271 0.240229386866 -0.0408747262163 -0.716129495905 0.758254159188 0.553132558500 -0.153467533306 -0.868580030064 -0.220725289539 0.925206550266 0.128798732869 0.631842171150 -0.444058894069 0.392691294291 0.927639082717 0.354848736392 1.50956228203 -0.314963195544 0.267850434965 0.182800148472 1.37660535564 0.0742906589782 0.325596942920 0.851211596531 0.198617512314
# log_m_nodes:
 -0.259556707620 -0.0132366183649 0.191769587951 0.0674665206273 -0.142909387663 -0.0317140263844 0.114766078055 0.00282029995409 0.0316511089383 0.0543902321707 0.0205022866979 -0.0506225575746
