# Number of parameters = 101  Objective function value = -240.674  Maximum gradient component = 0.000424676
# theta[1]:
6.86334354800
# theta[2]:
0.960713436048
# theta[3]:
-1.93834764612
# theta[4]:
5.86504364956
# theta[5]:
3.24395539114
# theta[6]:
0.500000000000
# theta[7]:
0.800000000000
# sel_par[1]:
 -13.3706748069 -11.9341751403 -11.0652149228 -10.7702002177 -10.7321308615 -10.7295581462 -10.7430599719 -10.6774648366
# sel_par[2]:
 3.51399098894 0.265492060782
# log_ft_pars:
 0.231802360763 -0.136753474261 -0.525562718109 0.633820121987 -0.118794194381 0.211985112173 0.591953188484 -0.497084446308 -0.0368515077245 0.0781325449600 -0.0710233308133 -0.147314555705 0.165903791555 -0.493129927383 -0.0690276113841 0.0392552026917 0.226328343636 0.114101657430 0.0869059369936 0.338837459315 0.298438707690 0.567344089584 0.232252947943 0.760376929300 -0.419726974081 0.0929553104586 0.646554941423 0.305764806420 0.252743471607 0.423817640132 0.139452420328 0.370048797430 0.369743189820 0.270476217629 0.352658626732 0.289981761923 0.227689417174 -0.251201674474 -1.21712578124
# init_log_rec_devs:
 3.89570564472 3.50339689750 2.54012535198 0.891090046394 -0.619504378466 -2.95421683700 -2.88079932450 -4.37579749532
# log_rec_devs:
 1.48053812123 1.32332812037 1.41243528322 1.04336039594 0.508119626715 0.335612275558 -0.155693967883 -0.319892137461 0.0322610725000 0.0499958815429 -0.181668787553 -0.0238475205940 0.743841907444 0.212803934206 0.711894102419 0.123053974486 0.795201857823 0.649848679618 0.341110756623 0.517514289559 0.0194286315612 -0.417120218539 -0.717288764476 -0.434927424686 -0.616212346464 -0.407593588533 -0.652117669934 -0.588038351671 -1.12312740667 -0.424082262869 -0.392690596290 -0.986980380106 -0.933872134080 -0.855088028851 -1.18463010644 -0.671641501107 -0.132804251027 0.392494964292 0.526474022485
# log_m_nodes:
 0.00000000000 0.00000000000 0.00000000000 0.00000000000 0.00000000000 0.00000000000 0.00000000000 0.00000000000 0.00000000000 0.00000000000 0.00000000000 0.00000000000
