# Number of parameters = 188  Objective function value = -704.624  Maximum gradient component = 0.000235998
# theta[1]:
6.11894574008
# theta[2]:
0.707065546484
# theta[3]:
-0.832795130280
# theta[4]:
5.64528527105
# theta[5]:
5.49168996919
# theta[6]:
0.304347800000
# theta[7]:
0.869565200000
# sel_par[1]:
 1.80251505119 0.109155437696
# sel_par[2]:
 1.32860461670 -0.577711950231
# sel_par[3]:
 -0.287885835233 -2.11874654450
# sel_par[4]:
 0.720275847948 -2.99573227355
# sel_par[5]:
 0.720275847948 -2.99573227355
# log_ft_pars:
 0.609846243613 1.01349646292 -2.21757076335 0.524005455082 0.313806027980 -0.238695783402 1.03398842730 -0.923672024522 -0.532701511851 -0.210707050099 0.485826716721 -0.00477074823931 0.433215971113 0.394229761389 1.09807065463 0.855405116566 0.814345381923 -0.297332839520 -1.55432207637 -0.668512899835 -2.48847155297 -4.07043088379 -4.53153205200 -4.72997134519 -3.72089875861 -3.24034825073 -1.40123848168 -1.85017410617 -2.77166612067 -2.05577687962 -2.21602338899 -4.97421390455 -4.62791920154 -4.40059650684 -5.43352664573 -5.72401573429 -5.67025211048 -6.17100888735 -4.95744147232 -1.76033743278 -2.81838373881 -2.63274941785 -3.00260141693 -2.38779571995 -1.61128475885 -2.39453614742 -2.62786848541 -2.47362541726 -3.21395889247 -5.23028630237 -3.17127629656 -2.70964052448 -2.61196625691 -3.00218540278 -2.36286860794 -2.24360448432 -2.66636109917 -3.12333876125 -3.33037917940 -2.78004176694 -2.51577823741 -3.57757258628 -4.55281835464 -2.76448223596 -2.90969330827 -2.15657363591 -2.55735534525 -2.26085073046 -2.13342619239 -2.56959932343 -3.64806448492 -3.50195884792 -4.01355207866 -7.92053864728 -2.37599831032 -7.40248821564 -4.47111563285 -2.61020763996 -1.54036249106 -2.08365593575 -2.10387841182 -3.33468268991 -2.34293959708 -1.77998659320 -1.71124366802 -1.68945277411 -1.43898264976 -1.17108933903 -1.85310426563 -1.89234213515 -1.25034027934 -1.09769602345 -1.66276855130 -2.30315101083 -1.42585375008 -0.429950119717 -0.638256203648 -1.42796911713 -0.947392036250 -1.35569927844 -0.851683065371 -0.579089965343 -0.584889737028 -0.635021677051 -0.836122639249 -1.31117407976 -1.19771878467 -1.27314288868 -1.82899502792
# init_log_rec_devs:
 1.46298728382 1.85749481677 0.756734853393 0.185071425059 -1.23103340075 -1.04100494741 -0.841908145586 -1.14834181754
# log_rec_devs:
 0.604852511985 0.430837125466 1.23090166529 -0.198918724049 0.788330234621 0.163135503289 0.777286965234 1.44488941464 -0.0210235225205 2.00457182382 1.04858053524 0.313789728090 1.75526456747 -0.272681908321 -0.595179620128 -0.471280699869 -1.09599554685 -1.45870045128 -0.490127404514 0.0709308397677 -0.728900088822 0.118853212394 0.181831474586 -0.0220029253873 -0.791497251254 -0.315981435543 -0.835671506490 -1.02656737595 0.718509293829 0.0402721101954 -0.0686935811834 0.180454458511 1.04540135430 -0.0263927258221 -0.296059690829 0.649910599500 0.276917222638 -0.0495644933767 -0.730485810848 0.729306499736 0.529107286145 -0.286482321246 -1.09167999635 -0.495810616392 0.558289443383 -0.356379829632 0.0579502043741 -1.15633413417 -0.378560307232 0.0524041923555 -0.619564711077 0.414482672047 -1.44429200028 -0.758571494355 -0.752219952422 0.544759961133 -0.497266950762 -0.0597737982042 0.476026360202 0.184813114868
# log_m_nodes:
 0.00000000000 0.00000000000 0.00000000000 0.00000000000 0.00000000000 0.00000000000 0.00000000000 0.00000000000 0.00000000000 0.00000000000 0.00000000000 0.00000000000
