# Number of parameters = 173  Objective function value = -725.320  Maximum gradient component = 0.000125890
# theta[1]:
6.27572133179
# theta[2]:
0.772984812131
# theta[3]:
-0.599886774462
# theta[4]:
6.03688820970
# theta[5]:
5.55761958725
# theta[6]:
0.420754196769
# theta[7]:
1.06886132686
# sel_par[1]:
 1.00511345255 -1.30162937382
# sel_par[2]:
 1.10209629785 -1.11790942953
# sel_par[3]:
 -0.220788142784 -2.78580035353
# sel_par[4]:
 0.717839793150 -2.99573227355
# sel_par[5]:
 0.717839793150 -2.99573227355
# log_ft_pars:
 -0.720664487260 0.0108403938453 -7.13311546088 0.117593299453 -1.40933277849 -0.610253901008 -2.77917381768 -4.66109028159 0.195616181092 0.592619570465 0.291610691565 -0.333583497343 -0.491014852752 -0.496085162947 -0.516208374414 -0.195206621353 0.393861903930 -7.88453652688 -3.14076185998 -6.56100194245 -2.10044533233 -1.31951557262 -1.68802481013 -1.65464097697 -1.38511359889 -1.44774015580 -2.46000340544 -1.70128273705 -3.53083959421 -2.55325355465 -3.06939286990 -1.80682015358 -1.69331585644 -5.49352283175 -5.70136607655 -1.50885051816 -2.16536818367 -2.01438846295 -2.03689132895 -2.00767523778 -2.84443136768 -2.33618458242 -2.28178533243 -3.15283186313 -3.90799563735 -2.04904858145 -2.13835245690 -2.24533025343 -3.31496981709 -4.10167503147 -2.32849668922 -1.47698759502 -0.982006517481 -3.18269510252 -2.29943255113 -1.85023091580 -1.25010504056 -1.36112710715 -0.923236708258 -1.45720348670 -2.66486919776 -2.43519560128 -2.25561257394 -2.30516230443 -2.95654743967 -2.39721263620 -2.89176711183 -2.19215983524 -2.87986267663 -2.56613229369 -3.75808545786 -3.65713434821 -2.34334184556 -2.74392721790 -2.97255165786 -3.08450768300 -1.96047411110 -2.08862027980 -1.02515421481
# init_log_rec_devs:
 0.564963353334 1.35488289199 -0.721581049401 -0.483287399982 -0.306608241218 -0.166917964964 -0.101276382778 -0.140175216647
# log_rec_devs:
 0.00734345522501 0.0734080532164 0.553144205446 -0.145427933838 0.161869408774 0.400851255644 0.260532993013 0.791586663935 0.442963679403 0.0178141871839 0.726905038804 -0.0926907394168 0.559113699915 -0.171566118467 -1.14491951785 0.173871151417 -0.0477080561645 -0.506683223199 0.211506902056 0.497740036832 0.189101907600 0.0697786257652 0.217432432973 0.558145345768 -0.217496701754 -0.481600539708 0.127889635866 -0.739469677516 0.318698835047 0.278918372434 -0.149959858722 -0.429282767011 0.0344178987086 0.815840239475 0.803583481655 -0.288265537054 1.20639907095 -0.390025267275 -0.224535342208 -0.626072232441 0.431855951412 0.00482570005040 -0.114799465380 -0.800097160708 -0.375590436152 1.11100204098 0.116865165897 -0.460508271084 -0.323923540390 0.0921433630258 0.437564842591 0.495412585985 -0.293387381096 -0.185260406672 -0.540841090553 -0.0862623973428 -0.920106081387 -0.419624667047 -1.04041440707 -0.195500756850 -0.776506709822
# log_m_nodes:
 -0.0309134238808 -0.0838645935673 0.144313993807 -0.0116382545169 -0.253637871817 0.264803069785 -0.0409549869267 -0.0316764300077 0.0721463274271 0.0517622371726 0.0331054230398 -0.210207964109
