# Number of parameters = 174  Objective function value = -731.442  Maximum gradient component = 0.000181563
# theta[1]:
6.67042562760
# theta[2]:
0.773129986099
# theta[3]:
-0.429516563409
# theta[4]:
6.47350851615
# theta[5]:
6.00650054599
# theta[6]:
0.422786332911
# theta[7]:
1.12555697967
# sel_par[1]:
 1.01500565610 -1.30462375831
# sel_par[2]:
 1.10369107940 -1.12348217998
# sel_par[3]:
 1.55656101635 -0.794752088367 -0.0510482738377
# sel_par[4]:
 0.717839793150 -2.99573227355
# sel_par[5]:
 0.717839793150 -2.99573227355
# log_ft_pars:
 -0.931531846227 -0.270863392606 -7.42572047389 -0.188338233823 -1.75261626023 -0.920346949571 -3.03917240173 -4.80780243828 0.108697356932 0.502679982569 0.127131686132 -0.563144726120 -0.744048119333 -0.740108776895 -0.764245675398 -0.470025159117 0.154581353094 -8.15071787588 -3.47124366075 -6.94265345272 -2.28302488122 -1.50007677859 -1.87540399883 -1.84758773439 -1.59789291831 -1.71013626065 -2.78941203717 -2.08076334769 -3.90986177133 -2.88419145667 -3.36265955324 -2.08824866199 -1.98778108996 -5.77517302378 -5.96215119975 -1.79021025696 -2.48864120575 -2.36398302769 -2.42642143054 -2.44180254126 -3.29247409638 -2.78597382502 -2.74367330292 -3.62004114474 -4.36379902081 -2.51339873013 -2.64904757872 -2.81304224399 -3.90893281433 -4.59995493792 -2.76905471170 -1.92577524694 -1.53241546620 -3.15408062945 -2.33725938022 -1.88098342230 -1.30855822163 -1.57672324861 -1.24587056246 -1.77922557676 -3.08728912496 -2.73498963769 -2.55886229601 -2.63474350512 -3.30926818563 -2.69966288670 -3.33712312839 -2.53410363355 -3.40796236526 -3.10956882127 -4.32439667604 -4.22651724088 -2.96443909335 -3.56325255175 -3.80587108649 -3.87414427264 -2.79737970883 -2.96468100680 -2.01898010543
# init_log_rec_devs:
 0.420141003102 1.24417917676 -0.685807443776 -0.433504331080 -0.256617276163 -0.126698909972 -0.0714443004551 -0.0902478887951
# log_rec_devs:
 -0.0794529025214 0.108155196667 0.534376844096 -0.0779685419339 0.214892258103 0.440601713155 0.201296664109 0.613457453636 0.217113731995 -0.158067024080 0.645833931538 -0.130347076990 0.527496337768 -0.182866312783 -1.12077342363 -0.00323516250583 0.0580704530570 -0.449418657560 0.179675067600 0.410510709368 0.0817561205397 -0.0393356176925 0.100100928233 0.428460809249 -0.321563338408 -0.524023185426 0.161174698493 -0.644178196782 0.406043085138 0.315613763505 -0.154039853190 -0.472984403191 -0.0428232756373 0.711516659438 0.675669655427 -0.387617336962 1.12082986614 -0.425975361429 -0.218491109173 -0.566595559929 0.465685072381 0.0901919648807 -0.0796758699996 -0.727890176389 -0.347033763245 1.14380857107 0.199564813229 -0.339640847466 -0.204713163737 0.193098098749 0.491681621205 0.462653057197 -0.225297821997 -0.0508475058447 -0.345477733479 0.0756149526555 -0.804389415593 -0.338122842294 -0.981177242695 -0.145656447430 -0.685264897070
# log_m_nodes:
 0.00595219842223 -0.0790535182446 0.125492098935 -0.0339608598769 -0.211324032494 0.227190747640 -0.0564945967057 -0.0238837241759 0.0585145503948 0.0613059817710 0.0275714258185 -0.235592974634
