# Number of parameters = 220  Objective function value = -731.569  Maximum gradient component = 0.000664805
# theta[1]:
6.20242234624
# theta[2]:
0.759899411088
# theta[3]:
-0.618676863887
# theta[4]:
5.94346238444
# theta[5]:
5.48456279106
# theta[6]:
0.407339936730
# theta[7]:
1.04894379611
# sel_par[1]:
 1.00323533617 -1.30094882636
# sel_par[2]:
 1.10104713518 -1.10614406465
# sel_par[3]:
 -0.224080633075 -2.77160411953
# sel_par[4]:
 0.717839793150 -2.99573227355
# sel_par[5]:
 0.717839793150 -2.99573227355
# log_ft_pars:
 -0.701977016374 0.0391062898681 -7.10525047363 0.144988465459 -1.38204190951 -0.589114793575 -2.76128160766 -4.64864198036 0.204585547653 0.604175953972 0.317265617079 -0.296100059467 -0.448045405746 -0.458853322580 -0.483670259786 -0.162133937230 0.396538498389 -7.83408720328 -3.06404768316 -6.47467973859 -2.09621148284 -1.31931702243 -1.68645197577 -1.64435449907 -1.35910645254 -1.39985782181 -2.38514094399 -1.61623630999 -3.46844844783 -2.53287725889 -3.08042919922 -1.82094771163 -1.68199047038 -5.44475727761 -5.62720303939 -1.41735456694 -2.05867216777 -1.91114569561 -1.93863672442 -1.90983552629 -2.74423678850 -2.23188653358 -2.16471751295 -3.02317844986 -3.77941776694 -1.91388551130 -1.98890589648 -2.07695644799 -3.13576494049 -3.97823818750 -2.24147897400 -1.40594889770 -0.870807748081 -3.18397281641 -2.29796746730 -1.84066657200 -1.22432890562 -1.31335559652 -0.850852009224 -1.36966279527 -2.60004900486 -2.41519691257 -2.26673389252 -2.32042052745 -2.94639652380 -2.30519936307 -2.78904894433 -2.08738559169 -2.77945706712 -2.46726589835 -3.65792419923 -3.53842690020 -2.19144470817 -2.57005529202 -2.78829734891 -2.96113341654 -1.87327538523 -2.01497243223 -0.910158515499
# init_log_rec_devs:
 0.601377365892 1.38078979557 -0.730207978088 -0.494513647228 -0.318042633880 -0.176316194071 -0.108919098123 -0.154167608978
# log_rec_devs:
 0.0611589568709 0.108552908119 0.590415136825 -0.113769141193 0.204778114817 0.453171127142 0.321200143707 0.863456684416 0.512673827582 0.0722143831771 0.762134871297 -0.0751333346972 0.578527490585 -0.155698910349 -1.14334989655 0.246548344533 -0.0761941083840 -0.516758182148 0.233093343843 0.539093148695 0.247434584402 0.138512125756 0.300359761028 0.639802306301 -0.157087383862 -0.456579753442 0.120064870628 -0.779289810423 0.279781896223 0.268732392356 -0.112013187989 -0.344864877819 0.135978630068 0.899826376351 0.848011591776 -0.293800541795 1.16384659815 -0.448427246354 -0.281527762620 -0.672538264480 0.392072206609 -0.0242218169493 -0.151375621101 -0.846729815207 -0.424926101911 1.04773873976 0.0301225237659 -0.563515572408 -0.433733262834 -0.0212635219099 0.334174880722 0.412638364796 -0.339432157603 -0.213989099471 -0.584839698657 -0.161202265431 -1.01808961648 -0.413652183484 -1.35373366657 -0.628378332600
# log_m_nodes:
 -0.0462573024145 -0.0534402508207 -0.0615268265003 -0.0712543874381 -0.0775587895856 -0.0765856837655 -0.0684316106633 -0.0440528617329 0.00288515870985 0.0584718382366 0.109454543168 0.144424984150 0.162257193621 0.162184513672 0.128172982579 0.0784409466262 0.0196492470539 -0.0594150299648 -0.143768724427 -0.210864269971 -0.252881348522 -0.258363348955 -0.222655172200 -0.149478618999 -0.0588237760777 0.0359375661070 0.128382651916 0.207799256687 0.263232384761 0.276514292852 0.235387722966 0.141869971898 0.0280482617260 -0.0607133301284 -0.112855191326 -0.131935608984 -0.116907200123 -0.0778931883397 -0.0316318992654 0.00566258707457 0.0342726556312 0.0552782132399 0.0662527293741 0.0649240979051 0.0601332513040 0.0645799307706 0.0694134626507 0.0631945025428 0.0421841056990 0.0260030969616 0.0370182162636 0.0758425492903 0.109165066536 0.103464562237 0.0536659590783 -0.0122566446382 -0.0519465750071 -0.0388947725741 -0.0135001687852 0.00000000000
