# Number of parameters = 173  Objective function value = -730.424  Maximum gradient component = 0.00202042
# theta[1]:
6.19857189654
# theta[2]:
0.764418981995
# theta[3]:
-0.617761450353
# theta[4]:
5.93846033554
# theta[5]:
5.48000559698
# theta[6]:
0.415611651156
# theta[7]:
1.04720607795
# sel_par[1]:
 1.00345029601 -1.30018245407
# sel_par[2]:
 1.09995830436 -1.11740419656
# sel_par[3]:
 -0.222894910184 -2.76999535100
# sel_par[4]:
 0.717839793150 -2.99573227355
# sel_par[5]:
 0.717839793150 -2.99573227355
# log_ft_pars:
 -0.702172418148 0.0404118448779 -7.10089639516 0.154275516313 -1.36563785120 -0.569709386011 -2.74521446003 -4.64315834967 0.205754144034 0.603105767743 0.313783896641 -0.299526431544 -0.451618304296 -0.458856758800 -0.483109803282 -0.167827928801 0.399226983644 -7.85088874854 -3.09358018896 -6.50268775772 -2.08125884222 -1.30200319032 -1.67093001042 -1.63654174610 -1.36186977186 -1.41608377919 -2.41521620991 -1.64454456162 -3.47415795051 -2.50537445279 -3.03053803326 -1.77426727427 -1.66211348138 -5.46225217766 -5.66661093028 -1.46158009792 -2.10068198431 -1.93175610197 -1.93647885783 -1.88768750649 -2.71444049460 -2.20359104411 -2.14505041579 -3.01620696874 -3.78129066493 -1.92458969592 -2.00426987955 -2.10173541021 -3.17049531428 -3.98716154635 -2.22236647184 -1.36427356100 -0.829839431304 -3.16302298599 -2.27973408460 -1.82990974051 -1.22445471437 -1.32755486700 -0.877802369294 -1.39693608659 -2.60438845629 -2.38463788924 -2.21387858850 -2.27089878578 -2.92322951658 -2.34572932202 -2.82443737346 -2.10390217383 -2.77425158697 -2.44284759169 -3.62206036061 -3.51370997911 -2.20163259662 -2.59045957520 -2.81922263065 -2.96446931987 -1.84516190033 -1.96574797250 -0.859076508109
# init_log_rec_devs:
 0.605254133405 1.38310076828 -0.730827256064 -0.495703483436 -0.319375033761 -0.177337043902 -0.109591784860 -0.155520140040
# log_rec_devs:
 0.0669506360326 0.114578965789 0.596205917103 -0.117742158802 0.191268711538 0.431989943351 0.304400283880 0.853143653274 0.510539117291 0.0777917546586 0.772257196069 -0.0605891652382 0.590128249968 -0.147054161451 -1.13142268831 0.241400196568 -0.0735973227045 -0.504117429622 0.242144906037 0.546249574763 0.247822811697 0.133148521445 0.282125781804 0.621238951986 -0.163366679591 -0.440686963987 0.156309921734 -0.725825619640 0.331307330364 0.295720781292 -0.124969076091 -0.394112591676 0.0789080332140 0.868007946994 0.858922447676 -0.242846800177 1.23472827201 -0.382894223724 -0.238450059650 -0.661487672651 0.384547156871 -0.0483745693012 -0.174538024160 -0.862101899835 -0.430037976729 1.05735393092 0.0528222885681 -0.533684568997 -0.398524877380 0.0246970571622 0.382147936545 0.448727125495 -0.353298073648 -0.259433080964 -0.637545796023 -0.174081446553 -0.993985687515 -0.488460862287 -1.10905310307 -0.265955938995 -0.859348006734
# log_m_nodes:
 -0.0425548782291 -0.0837228675469 0.144036762533 -0.00430138624161 -0.259116540312 0.266959987785 -0.0332310013092 -0.0386111051921 0.0734999156244 0.0504446719434 0.0385110675143 -0.209285141183
