# Number of parameters = 173  Objective function value = -725.323  Maximum gradient component = 0.00104773
# theta[1]:
6.27591461467
# theta[2]:
0.773031042048
# theta[3]:
-0.599832860247
# theta[4]:
6.03711031209
# theta[5]:
5.55779952123
# theta[6]:
0.420759664884
# theta[7]:
1.06882957190
# sel_par[1]:
 1.00511697681 -1.30163051853
# sel_par[2]:
 1.10210140300 -1.11790794242
# sel_par[3]:
 -0.220814325963 -2.78570700429
# sel_par[4]:
 0.717839793150 -2.99573227355
# sel_par[5]:
 0.717839793150 -2.99573227355
# log_ft_pars:
 -0.720714773473 0.0107689120703 -7.13319227100 0.117492397105 -1.40946387803 -0.610387323526 -2.77929145793 -4.66115414895 0.195578952578 0.592592669666 0.291590563785 -0.333601139996 -0.491047009350 -0.496157267777 -0.516394217609 -0.195670604523 0.393834699664 -7.88462962976 -3.14086867826 -6.56112261913 -2.10063189053 -1.31965333412 -1.68813600804 -1.65473054729 -1.38519556553 -1.44783046670 -2.46010554605 -1.70140018959 -3.53095527512 -2.55335694402 -3.06948948867 -1.80692064158 -1.69342850557 -5.49363452909 -5.70147092246 -1.50896268127 -2.16549024029 -2.01452187562 -2.03703315261 -2.00782883049 -2.84458774355 -2.33634301742 -2.28194855765 -3.15299596183 -3.90814958112 -2.04920273941 -2.13852810477 -2.24552532561 -3.31517076409 -4.10183195960 -2.32863517530 -1.47713227510 -0.982203412258 -3.18277424286 -2.29949292016 -1.85026580409 -1.25013463526 -1.36121226039 -0.923338820493 -1.45729424290 -2.66499909755 -2.43528629053 -2.25571000718 -2.30528622585 -2.95667309468 -2.39733092246 -2.89193592407 -2.19227417617 -2.88005436386 -2.56632333647 -3.75825561046 -3.65732106655 -2.34352257475 -2.74419730174 -2.97282746350 -3.08471971486 -1.96070047525 -2.08886441743 -1.02547369354
# init_log_rec_devs:
 0.564877213774 1.35482222175 -0.721560016382 -0.483260230488 -0.306585871047 -0.166893406698 -0.101257390830 -0.140142267792
# log_rec_devs:
 0.00721613953479 0.0733155689284 0.553056580072 -0.145464363725 0.161844448561 0.400842262447 0.260490892248 0.791493949665 0.442835151773 0.0176783155173 0.726749094437 -0.0928559474495 0.558936293406 -0.171684527725 -1.14501600823 0.174605035083 -0.0472585440212 -0.506299456638 0.211832573319 0.497974838538 0.189263040374 0.0698698913179 0.217464790506 0.558108056120 -0.217552986756 -0.481661529330 0.127838119487 -0.739507924596 0.318662388552 0.278855769702 -0.150032651615 -0.429360170150 0.0343442189515 0.815767966368 0.803509420406 -0.288332700932 1.20634460427 -0.390071306412 -0.224570071514 -0.626093213653 0.431837110643 0.00481478689287 -0.114816038158 -0.800113720934 -0.375620135925 1.11097194387 0.116859369525 -0.460499711424 -0.323908991237 0.0921449789610 0.437542021302 0.495368383378 -0.293404629922 -0.185251015703 -0.540799151185 -0.0862232705931 -0.920080301491 -0.419605022399 -1.04039404495 -0.195479187849 -0.776481186860
# log_m_nodes:
 -0.0309006941029 -0.0838442302307 0.144254787367 -0.0115717165901 -0.253641876803 0.264767854721 -0.0409538432116 -0.0316742164033 0.0721408614740 0.0517652257163 0.0331008360723 -0.210195068707
