# Number of parameters = 172  Objective function value = -724.752  Maximum gradient component = 3.52001e-05
# theta[1]:
6.52963752618
# theta[2]:
0.769062279890
# theta[3]:
-0.524793833472
# theta[4]:
6.31674760256
# theta[5]:
5.86182987645
# theta[6]:
0.413864836281
# theta[7]:
1.09449830604
# sel_par[1]:
 1.01051972174 -1.30430035887
# sel_par[2]:
 1.10886153204 -1.10653110292
# sel_par[3]:
 -0.217507765354 -2.82036374859
# sel_par[4]:
 0.717839793150 -2.99573227355
# sel_par[5]:
 0.717839793150 -2.99573227355
# log_ft_pars:
 -0.837973029037 -0.166126422757 -7.32619655791 -0.0886640554021 -1.64583196800 -0.826439760547 -2.96132752227 -4.76252239550 0.135810175001 0.532443657567 0.185934963121 -0.480265186864 -0.650545858106 -0.651962665924 -0.676559457489 -0.372843197865 0.238811905443 -8.03711926929 -3.33305138120 -6.77857313552 -2.20920640171 -1.41996319718 -1.78735823923 -1.75499943103 -1.50202005090 -1.59374082688 -2.64467895412 -1.91447906553 -3.73679266459 -2.73498074168 -3.24184640301 -1.98847201016 -1.89724833420 -5.69044962061 -5.87461501841 -1.68049469211 -2.33938911021 -2.20043906449 -2.24123397565 -2.24336758487 -3.10061744318 -2.61052455584 -2.57569827881 -3.45404800087 -4.19127302534 -2.31609625994 -2.41322375635 -2.52474684494 -3.58845258711 -4.33604529541 -2.56048884388 -1.73675466142 -1.31488493160 -3.29205251503 -2.40755438636 -1.95721426233 -1.37212087937 -1.50974880083 -1.10800551231 -1.67941650172 -2.88154574443 -2.62496731372 -2.43598753153 -2.49263096755 -3.17037326008 -2.57879273430 -3.07919936400 -2.39376016142 -3.09770493603 -2.81029977486 -4.02977221396 -3.96696156857 -2.63625237385 -3.04504650266 -3.26520192399 -3.33238512770 -2.21537355642 -2.37208234740 -1.39325162564
# init_log_rec_devs:
 0.439458450312 1.26509359815 -0.693327409897 -0.442241735952 -0.264607943520 -0.131412572118 -0.0752430209906 -0.0977193694612
# log_rec_devs:
 -0.0851667625823 0.0802077787341 0.535910693691 -0.0916626412496 0.213660248063 0.448516811213 0.238366081020 0.688528553177 0.305110117381 -0.0926263022177 0.676242935845 -0.122108457749 0.535645120483 -0.183725931654 -1.14197392015 0.0551621263464 0.0480210866140 -0.446684587229 0.205782787243 0.433091383364 0.0868546210744 -0.0535283445225 0.100765712263 0.449094491088 -0.289866691673 -0.511827977799 0.137848824375 -0.701491647781 0.346161653519 0.276875732470 -0.180207036135 -0.473920282111 -0.00477499956136 0.783151992631 0.761739381734 -0.331476424861 1.17116089112 -0.424200485659 -0.253495812251 -0.638024868605 0.429465846213 0.0175839644814 -0.0813756640839 -0.749533377047 -0.323578568295 1.16536236013 0.179216394725 -0.397925853655 -0.270363266469 0.125316329440 0.453392644582 0.502954220679 -0.243656517616 -0.101709267506 -0.412833863416 0.0211760789455 -0.841353990575 -0.259151944752 -1.23678389874 -0.527337493531
# log_m_nodes:
 0.00910560930482 -0.0804360501519 0.122943336760 -0.00678419777628 -0.242062781527 0.219706505012 -0.00392513673523 -0.0649801117929 0.0820072186782 0.0426818318723 0.0578604539437 -0.114429897256
