# Number of parameters = 285  Objective function value = 3667.07  Maximum gradient component = 0.00000
# theta[1]:
8.00000000000
# theta[2]:
0.750000000000
# theta[3]:
-1.74296900000
# theta[4]:
8.00000000000
# theta[5]:
8.00000000000
# theta[6]:
0.500000000000
# theta[7]:
0.800000000000
# sel_par[1]:
 4.24849524205 1.65822807660 0.00000000000 0.00000000000 0.00000000000 0.00000000000 0.00000000000 0.00000000000 0.00000000000 0.00000000000 0.00000000000 0.00000000000 0.00000000000 0.00000000000 0.00000000000 0.00000000000 0.00000000000 0.00000000000 0.00000000000 0.00000000000 0.00000000000 0.00000000000 0.00000000000 0.00000000000 0.00000000000 0.00000000000 0.00000000000 0.00000000000 0.00000000000
# sel_par[2]:
 4.17438726990 1.60943791243
# sel_par[3]:
 4.17438726990 1.60943791243
# sel_par[4]:
 4.17438726990 1.60943791243
# sel_par[5]:
 4.17438726990 1.60943791243
# sel_par[6]:
 4.17438726990 1.60943791243
# log_ft_pars:
 -6.00176139455 -5.49575863952 -5.62808173155 -6.14496304028 -6.09594304152 -5.76546407594 -5.69396663888 -5.53214715639 -5.54584607395 -5.11630414201 -4.96545834148 -4.73959255716 -5.56428682148 -4.68867558862 -4.74768178159 -5.03259125049 -4.92494241774 -5.37547356904 -5.00664296006 -4.77340629453 -5.34881163556 -5.23526431458 -5.14882171685 -5.25653137477 -5.03069487754 -5.09629127733 -5.10981865660 -4.96488181473 -4.81658703847 -4.70475680170 -4.90432096235 -4.93205112870 -5.01909299311 -4.90946215504 -4.93213244025 -5.14303373081 -5.07985104221 -10.6609243231 -10.3806362820 -10.0005182060 -9.57985819685 -9.29148565928 -9.15004366330 -8.92934541562 -8.81825661025 -8.02491172467 -7.54230663005 -7.57654405016 -7.43267211790 -7.62922948673 -7.86700280466 -7.49766774819 -7.59071596248 -7.40028699970 -7.40079184945 -7.58242007474 -7.31595222898 -7.18452676336 -7.33371336687 -7.38454411415 -7.24352995654 -7.39694259828 -7.43959914565 -7.31134637765 -7.18108745434 -7.16904587517 -7.26491911791 -7.13694485688 -7.20373124058 -7.43846786230 -7.35983990470 -13.9931288333 -13.9915541947 -13.2963550720 -13.2934302636 -13.2896863609 -12.3689194882 -12.1810110633 -11.4808444373 -11.0127179329 -10.4510275266 -10.1294554291 -10.7030012244 -10.4093654146 -10.8922938805 -11.0966908732 -10.6333318219 -10.6207615459 -10.8908993891 -10.6639477085 -10.7243698586 -10.3041959381 -10.2850536847 -10.4346531586 -10.4729383539 -10.2275381398 -10.3747849193 -10.3978330145 -10.2119110477 -10.2448208564 -10.1732903030 -10.2179369744 -10.3046066149 -10.3068607135 -10.6099863725 -8.55607361638 -9.14267744549 -9.29634258853 -9.30273887509 -9.85301749224 -9.87088002798 -9.89873083003 -9.65995996736 -9.65694858999 -9.68181076499 -9.71671251602 -9.74617625992 -9.15945878342 -9.07985082497 -9.07906926490 -9.08758141915 -9.13274770604 -9.12930170540 -9.26030478677 -9.26114957387 -7.02136894024 -7.44704281437 -7.36675979239 -7.27532413830 -7.28591509982 -7.05998548176 -6.83744584556 -7.01304287160 -7.22375330111 -7.49272597061 -7.61661209568 -7.87493800174 -7.83828750532 -7.55769173518 -7.42963721421 -7.62735155191 -7.06800978934 -7.02233645584 -7.05538392852 -7.50281163966 -7.14947742117 -7.29808969324 -7.27093759701 -7.32104244680 -7.28538181311 -7.40850579616 -7.50403332259 -7.46752819976 -7.70929433266 -7.86811234889 -7.86150808036 -7.89344559924 -7.89208600501 -7.95825938240 -8.09061517766 -8.02181993013 -8.09609218579 -8.83069916084 -8.11970515822 -8.26347752913 -8.57920808824 -8.52643139176 -8.56748020918 -8.43482976734 -9.03155033724 -9.49326572193 -9.06282744004 -10.7029171452 -10.4439508170 -10.6669047996 -10.4801454350 -10.3978330145 -10.8456348078 -10.8201850013 -10.7572381916 -11.0389175265 -11.1375157378 -10.7682062800 -11.4972895675
# init_log_rec_devs:
 0.00000000000 0.00000000000 0.00000000000 0.00000000000 0.00000000000 0.00000000000 0.00000000000 0.00000000000 0.00000000000 0.00000000000 0.00000000000 0.00000000000 0.00000000000 0.00000000000 0.00000000000 0.00000000000 0.00000000000 0.00000000000 0.00000000000 0.00000000000 0.00000000000 0.00000000000 0.00000000000 0.00000000000 0.00000000000 0.00000000000 0.00000000000 0.00000000000 0.00000000000
# log_rec_devs:
 0.00000000000 0.00000000000 0.00000000000 0.00000000000 0.00000000000 0.00000000000 0.00000000000 0.00000000000 0.00000000000 0.00000000000 0.00000000000 0.00000000000 0.00000000000 0.00000000000 0.00000000000 0.00000000000 0.00000000000 0.00000000000 0.00000000000 0.00000000000 0.00000000000 0.00000000000 0.00000000000 0.00000000000 0.00000000000 0.00000000000 0.00000000000 0.00000000000 0.00000000000 0.00000000000 0.00000000000 0.00000000000 0.00000000000 0.00000000000 0.00000000000 0.00000000000 0.00000000000
# log_m_nodes:
 0.00000000000 0.00000000000 0.00000000000 0.00000000000 0.00000000000 0.00000000000 0.00000000000 0.00000000000 0.00000000000 0.00000000000 0.00000000000 0.00000000000
