# Number of parameters = 285  Objective function value = 3667.07  Maximum gradient component = 0.00000
# theta[1]:  #log_Ro
15.9
# theta[2]:  #steepness
0.750000000000
# theta[3]:  #log_Rbar
17.93703
# theta[4]:
8.00000000000
# theta[5]:
8.00000000000
# female parameters
15.18892 
-1.89712 
145.0    
0.10     
-1.2197  
6.921e-6 
3.24     
11.49    
1.776    
# male parameters
15.34718
-1.99897
110.0   
0.12    
-1.2197 
6.921e-6
3.24    
11.49   
1.776   
# sel_par[1]:
1.63176e-09 3.25739e-09 0.0603022 0.300891 0.630344 0.913893 1 1
2.17169e-09 0.00396878 0.0567109 0.281436 0.585461 0.835614 1 1
# sel_par[2]:
0 0 1 0 0 0 0 0
0 0 1 0 0 0 0 0
# sel_par[3]:
0 0 0 0.001 0.7 1 0.6 0.6 0.6 0.6 0.6 0.6 0.6
0 0 0 0.001 0.7 1 0.6 0.6 0.6 0.6 0.6 0.6 0.6
# sel_par[4]:
0 0.0227976 0.18854 0.407238 0.654921 0.863483 1 1.20589
0 0.0266741 0.161269 0.242839 0.389576 0.673042 1 1.32696
# sel_par[5]:
0 0.0227976 0.18854 0.407238 0.654921 0.863483 1 1.20589
0 0.0266741 0.161269 0.242839 0.389576 0.673042 1 1.32696
# log_ft_pars:
-2.307296 -2.102751 -1.992090 -1.862461 -1.899322 -1.716355 -1.625466 -1.513355 -1.371879 -1.288079 -1.249249 -1.231001 -1.238392 -1.346766 -1.390905 -1.644806 -5.748506 -5.274046 -5.104748 -4.899100
-4.799907 -4.634285 -4.611588 -4.579337 -4.419579 -4.378035 -4.474458 -4.495733 -4.572945 -4.468456 -4.353657 -4.712525 -3.815718 -3.875378 -3.873048 -3.822219 -3.823495 -3.771531 -3.827677 -3.909820
-3.932297 -3.962359 -3.955437 -4.088814 -4.268712 -4.289695 -4.398994 -4.485602 -4.264599 -4.234448 -4.299606 -4.406967 -4.092137 -4.031404 -4.020839 -3.750274 -3.499536 -3.387590 -3.387141 -3.208633
-3.230384 -3.425503 -3.556316 -3.642721 -6.964999 -7.045085 -6.793632 -6.705370 -6.581514 -6.417055 -6.394806 -5.661074 -5.451366 -5.342769 -5.280884 -5.253524 -5.207165 -5.327662 -5.399307 -5.440480
# FMX(sex-based multiplier for ft)
1 0.925001
1 1
1 1
1 1.99269
1 1.99269
# init_log_rec_devs (females):
1.593029 0.8881916 0.9450568 1.074646 1.176216 1.339384 1.890281 2.337506 1.494435 1.052563 1.215801 1.293796 0.7483233 
0.3074295 0.6185686 0.5827836 0.1066623 0.8227823 -1.411234 -1.510765 -1.610295 -1.709829 -1.80936 -1.908888 -2.008424 
-2.107953 -2.207485 -2.307016 -0.8962065 
# init_log_rec_devs (males):
 1.349134 0.678651 0.7432793 0.8673499 0.9717188 1.159698 1.68465 2.125607 1.344155 0.9419811 1.146674 1.295268 0.8127713 
0.4089091 0.7391368 0.7059838 0.2194272 0.9217337 -1.331316 -1.423383 -1.515451 -1.607518 -1.699585 -1.791651 -1.883719 
-1.975785 -2.067851 -2.15992 -0.6599482
# log_rec_devs:
 -0.39744428 -0.68985032 -0.72321874 -0.18832470 0.21952123 0.10200122 -0.01069562 0.26045469 0.19992632 0.32715933
0.60199112 0.04974662 0.04974662 0.04974662 0.04974662 0.04974662 0.04974662
# log_m_nodes:
 0.00000000000 0.00000000000 0.00000000000 0.00000000000 0.00000000000 0.00000000000 0.00000000000 0.00000000000 0.00000000000 0.00000000000 0.00000000000 0.00000000000
 0.00000000000 0.00000000000 0.00000000000 0.00000000000 0.00000000000 0.00000000000 0.00000000000 0.00000000000 0.00000000000 0.00000000000 0.00000000000 0.00000000000
 0.00000000000 0.00000000000 0.00000000000 0.00000000000 0.00000000000 0.00000000000 0.00000000000 0.00000000000 0.00000000000 0.00000000000 0.00000000000 0.00000000000