# Number of parameters = 174  Objective function value = -626.345  Maximum gradient component = 8.77516e-05
# theta[1]:
6.66363756635
# theta[2]:
0.759155885520
# theta[3]:
-0.659584092081
# theta[4]:
6.24840543592
# theta[5]:
6.19622240116
# theta[6]:
0.304347800000
# theta[7]:
0.869565200000
# sel_par[1]:
 1.05365784656 -0.936389084022
# sel_par[2]:
 1.18955337569 -0.993526870540
# sel_par[3]:
 -0.209322848951 -2.75248973369
# sel_par[4]:
 0.720275847948 -2.99573227355
# sel_par[5]:
 0.720275847948 -2.99573227355
# log_ft_pars:
 -0.951144339571 -0.782847961742 -4.39243259970 -1.10681677113 -1.89247254058 -0.131042929372 -0.303572641302 -1.35340896836 -0.646240601762 -2.39744392401 -0.478451773535 -1.34940400878 -0.182730174523 -0.0919262221862 -0.614520193450 1.08626199605 0.114118093279 -2.44997607745 -5.12624053085 -2.68255084643 -5.06029737074 -7.71093056050 -5.27611321175 -6.96389900011 -9.25375565125 -8.02111886268 -7.58277066655 -8.31697388106 -7.05648994032 -1.79257879029 -2.27331187834 -2.95643347398 -3.12788790220 -2.41352248974 -2.71426133884 -2.22584741673 -9.24624030214 -6.02843405478 -3.96276682017 -3.85357048576 -2.94769440121 -3.10382172110 -3.44199297096 -3.24399509880 -3.23309088126 -2.76823346566 -2.73990311528 -2.21435478676 -2.39276671091 -2.41710125527 -2.06183037262 -1.89700340842 -2.34792412069 -2.61533141550 -1.97474567442 -2.24565560647 -1.96973200242 -1.80110552664 -2.16126624004 -2.49576625951 -2.24062994903 -1.88335025605 -1.97371987138 -3.99298210660 -5.31259455780 -3.44280866422 -1.98443705364 -2.09645020464 -1.94000143580 -1.77648753649 -1.16305609629 -3.94216140128 -2.97178990981 -2.84115114023 -2.95385767245 -2.74753201417 -3.03244873290 -3.52876547239 -3.83918248590 -3.73287886451 -2.76173029025 -2.85731887210 -3.21792612968 -3.46996441118 -2.86329576106 -2.94990960027 -3.20676066779 -4.30601025508 -4.14455212827 -3.36964279409 -2.68377639008 -3.23948355466 -3.71797939581 -3.70468531308 -3.82657659935
# init_log_rec_devs:
 0.910229114574 1.34846484609 0.269158650807 -0.813062342606 -0.612647915717 -0.424743970594 -0.288533595585 -0.388865001604
# log_rec_devs:
 -0.137438079854 0.0723207318947 1.46183505627 -0.298779532907 -0.172212435002 0.349371421760 0.562859690836 1.00678156478 -0.304524436863 0.575688349472 0.875878558782 0.463214810914 0.373782208175 -0.199725692279 -0.698548183161 0.993957785264 -1.40340270075 -1.22252614699 0.0927940175442 0.115181037296 0.219020644602 0.509670027978 0.467873168614 0.537963776058 -0.139741643773 -0.366045699552 -0.174090138660 -0.351118873023 1.61756278026 0.461459459951 0.339001542414 -0.534641042696 -0.692601628323 0.410659173228 -0.238733362329 0.134978250821 1.45304161924 -0.433219980342 -0.861646244935 0.0739867432346 1.39617962686 -0.167313357186 -0.0364003129687 -1.31648278030 -0.405189790716 0.827242512567 0.703595928045 -0.760493738255 -0.298501659274 -1.16574178010 -0.560606764786 0.0808758107974 -1.00027158352 -0.138023418715 -1.05037579070 -0.364283717338 -1.01025779005 0.758192129332 -0.126282834830 -0.305747234462
# log_m_nodes:
 0.00000000000 0.00000000000 0.00000000000 0.00000000000 0.00000000000 0.00000000000 0.00000000000 0.00000000000 0.00000000000 0.00000000000 0.00000000000 0.00000000000
