#NB The data herein were taken from the 4VWX herring Assessment.
## ________________________
## ____Model Dimensions____
1970		#first year of data
2009		#last year of data
1			#age of youngest age class
11			#age of plus group
3			#number of gears (ngear)
## flags for fishery (1) or survey (0) in ngears
1	0	0
## ________________________
## ________________________
#Age-schedule and population parameters
#natural mortality rate (m)
0.2
#growth parameters (linf,k,to)
34, 0.36, 0
#length-weight allometry (a,b)
0.0000049, 3.089
#maturity at age (am=log(3)/k) & gm=std for logistic
2.055, 0.05
## ________________________
#Time series data
#Observed catch (1970-2009, 1000 metric t)
#yr	commercial survey
1970 214.325  0  0
1971 182.669  0  0
1972 152.660  0  0
1973 154.222  0  0
1974 221.538  0  0
1975 188.909  0  0
1976 144.249  0  0
1977 150.861  0  0
1978 114.559  0  0
1979  78.442  0  0
1980 108.019  0  0
1981 137.704  0  0
1982 106.232  0  0
1983 117.924  0  0
1984 139.149  0  0
1985 175.730  0  0
1986 123.022  0  0
1987 166.635  0  0
1988 207.393  0  0
1989 110.727  0  0
1990 187.660  0  0
1991 133.497  0  0
1992 152.279  0  0
1993 107.205  0  0
1994  79.713  0  0
1995  62.511  0  0
1996  58.097  0  0
1997  54.380  0  0
1998  78.061  0  0
1999  77.430  0  0
2000  85.298  0  0
2001  71.570  0  0
2002  79.416  0  0
2003  89.358  0  0
2004  78.028  0  0
2005  48.899  0  0
2006  49.159  0  0
2007  50.356  0  0
2008  54.561  0  0
2009  54.113  0  0
#
#Relative Abundance index from fisheries independent survey (it) 1970-2009
#nit
2
#nit_nobs
27    11
#iyr    it gear wt survey timing
1973   9.40    2  1  .5
1974   6.60    2  1  .5
1975   49.50   2  1  .5
1976   11.68   2  1  .5
1977   13.50   2  1  .5
1978   6.30    2  1  .5
1979   4.54    2  1  .5
1980   7.10    2  1  .5
1981   26.20   2  1  .5
1982   2.72    2  1  .5
1983   10.62   2  1  .5
1984   13.88   2  1  .5
1985   12.69   2  1  .5
1986   40.80   2  1  .5
1987   18.93   2  1  .5
1988   27.92   2  1  .5
1989   100.69  2  1  .5
1990   54.47   2  1  .5
1991   27.23   2  1  .5
1992   48.17   2  1  .5
1993   57.00   2  1  .5
1994   55.01   2  1  .5
1995   5.37    2  1  .5
1996   20.30   2  1  .5
1997   9.50    2  1  .5
1998   23.30   2  1  .5
1999   33.60   2  1  .5
1999   2.65     3  1  1
2000   2.70     3  1  1
2001   2.96     3  1  1
2002   3.43     3  1  1
2003   3.55     3  1  1
2004   3.25     3  1  1
2005   1.52     3  1  1
2006   1.67     3  1  1
2007   2.09     3  1  1
2008   1.26     3  1  1
2009   2.51     3  1  1
#
#Age composition data by year, gear (ages 2-15+)
#na_gears
1
#na_nobs
40
#a_sage
1
#a_page
11
#yr 	gear       V1       V2       V3       V4       V5       V6       V7       V8       V9      V10      V11
1970  1  506  5580   822  2533  1211  1197   600   303    90    14     2
1971  1  454  1652  1704  1212  1704   980  1506   451   162    64    38
1972  1  135  6353   423  1430   823   890   569   580   237    71    37
1973  1   87  2202  7623  1915  1169   808   608   475   550   248   203
1974  1  183  9236  3254  7716   997   578   480   338   367   292   303
1975  1  221  6179  4630  1526  3642   707   424   294   290   246   343
1976  1  237  2212  5405  4182  2369  3058   801   343   319   220   379
1977  1 1077  3122  1826  5882  2913  2330  2901   542   237   159   264
1978  1  440  5129  2021   634  2236  1035  1111  1292   265    78    89
1979  1   49  3746  5247  1845   257   675   412   418   509    71    48
1980  1  362   420  3264  6837   796   335   385   338   353   215   147
1981  1  365  3220  1267  3555  6322   328   101   167   107    68    59
1982  1  274  4208  5561  1067  2101  2581   235    87    76    54    71
1983  1  102  3627  3580  3264   413   880  1161   178    65    42    59
1984  1  236  2911  2864  1995  1272   343   589   351    65    37    41
1985  1  166  3946  3708  2344  1314   701   252   365   165    40    59
1986  1  128  2828  4335  2655  1047   740   405   174   131    66    31
1987  1  307  2455  2480  3808  2444   936   535   225   133   124    46
1988  1  176  2489  1970  1664  2305  1549   493   295   132   118    89
1989  1  154  2561  2249  1433   914  1653   854   299   155    66   124
1990  1   43  2529  2329  2006   830   668  1278   682   247    96    95
1991  1   69  2004  1998  1918  1130   550   530   834   477   199   297
1992  1   19  1464  1070   985   522   377   192   193   237   159   136
1993  1   18   731   736   902   603   357   246   168   178   164   126
1994  1   59  1164  1207   509   781   500   306   176   133   157   248
1995  1   53   521  1149   752   353   432   311   170   111    81   123
1996  1   29  1331   771  1972   605   460   448   264   115   108   150
1997  1  103  1328  1383   794  1141   306   223   158    84    60   104
1998  1   16  1538   742  1404  1050  1276   417   187    94    78    82
1999  1   18   463   525   140   171   168   115    70    56    42    57
2000  1   22   759   212   416   296   186   138    56    25     7    28
2001  1   31   683  1647   316   503   293   250    87    53     9    13
2002  1  140   778   324   222    74    41    49    53    31    25    25
2003  1   34  1162   529   112   131    47    54    51    52    43    34
2004  1   11   260   261   131    72    74    42    26    33    26    52
2005  1    1    90   201   149    63    38    63    32    30     8    28
2006  1   96   308   314   194   219   163   162    73    18    12    14
2007  1   21   717   207    98    62   128    90    75    32    19    20
2008  1   52   302   301    80    46    71   111    69    33    14    10
2009  1   60   853   680  1254   307   207   241   338   184    75    34
#
#n_wt_obs
40
#Mean weight-at-age in grams
#A$yr     V1     V2     V3     V4     V5     V6     V7     V8     V9   v10   v11
1970 0.0123 0.0240 0.0631 0.1398 0.1921 0.2303 0.2753 0.3250 0.3393 0.3690 0.3979
1971 0.0086 0.0351 0.1111 0.1669 0.2185 0.2514 0.2882 0.3212 0.3486 0.3430 0.3768
1972 0.0110 0.0410 0.1369 0.1926 0.2295 0.2610 0.2940 0.3249 0.3617 0.3852 0.4119
1973 0.0123 0.0343 0.0982 0.1538 0.2180 0.2575 0.2953 0.3359 0.3569 0.3790 0.3920
1974 0.0179 0.0405 0.0999 0.1655 0.2142 0.2589 0.2938 0.3203 0.3493 0.3634 0.3785
1975 0.0128 0.0374 0.0907 0.1660 0.2096 0.2552 0.2906 0.3211 0.3477 0.3652 0.3788
1976 0.0090 0.0363 0.0979 0.1656 0.2281 0.2515 0.2813 0.3199 0.3395 0.3641 0.3786
1977 0.0136 0.0313 0.0971 0.1644 0.2095 0.2682 0.2832 0.3204 0.3522 0.3828 0.3884
1978 0.0087 0.0323 0.1130 0.1757 0.2173 0.2576 0.3086 0.3267 0.3620 0.3954 0.4203
1979 0.0086 0.0334 0.0964 0.1772 0.2371 0.2622 0.2951 0.3316 0.3600 0.3801 0.4025
1980 0.0111 0.0512 0.0990 0.1719 0.2400 0.2862 0.3144 0.3499 0.3777 0.4005 0.4062
1981 0.0103 0.0473 0.1077 0.1609 0.2274 0.2781 0.3241 0.3484 0.3748 0.3964 0.3956
1982 0.0126 0.0456 0.1250 0.1791 0.2241 0.2591 0.2894 0.3250 0.3597 0.3667 0.4056
1983 0.0195 0.0543 0.1154 0.1843 0.2245 0.2567 0.2816 0.3120 0.3479 0.3744 0.3821
1984 0.0133 0.0497 0.1221 0.1778 0.2246 0.2594 0.2817 0.3083 0.3565 0.3796 0.4189
1985 0.0108 0.0451 0.1278 0.1971 0.2465 0.2739 0.3113 0.3312 0.3511 0.3807 0.3799
1986 0.0235 0.0477 0.1144 0.1738 0.2221 0.2518 0.2837 0.3080 0.3220 0.3502 0.3661
1987 0.0188 0.0506 0.1031 0.1545 0.2085 0.2471 0.2692 0.2962 0.3190 0.3294 0.3382
1988 0.0224 0.0359 0.0942 0.1438 0.1934 0.2483 0.2823 0.3088 0.3232 0.3415 0.3868
1989 0.0139 0.0441 0.1014 0.1550 0.1989 0.2374 0.2767 0.3057 0.3205 0.3467 0.3547
1990 0.0122 0.0358 0.0923 0.1524 0.1896 0.2282 0.2500 0.2926 0.3182 0.3314 0.3440
1991 0.0120 0.0428 0.1027 0.1535 0.1970 0.2282 0.2567 0.2846 0.3288 0.3453 0.3342
1992 0.0157 0.0267 0.0851 0.1478 0.1873 0.2213 0.2557 0.2764 0.3006 0.3317 0.3474
1993 0.0156 0.0374 0.0936 0.1494 0.1931 0.2238 0.2582 0.2892 0.3136 0.3343 0.3666
1994 0.0139 0.0419 0.0971 0.1415 0.1796 0.2110 0.2361 0.2544 0.2890 0.3081 0.3255
1995 0.0102 0.0396 0.0957 0.1537 0.1965 0.2352 0.2695 0.3027 0.3289 0.3317 0.3685
1996 0.0158 0.0444 0.0912 0.1488 0.2031 0.2489 0.2783 0.3081 0.3337 0.3524 0.3689
1997 0.0169 0.0413 0.0859 0.1549 0.1971 0.2519 0.2847 0.3080 0.3329 0.3499 0.3792
1998 0.0182 0.0420 0.0860 0.1325 0.1805 0.2231 0.2603 0.2944 0.3306 0.3549 0.3760
1999 0.0254 0.0548 0.0933 0.1409 0.1793 0.2199 0.2407 0.2650 0.2871 0.2989 0.3423
2000 0.0186 0.0545 0.1006 0.1379 0.1832 0.2095 0.2373 0.2664 0.2952 0.2938 0.3377
2001 0.0200 0.0492 0.1017 0.1492 0.1837 0.2261 0.2517 0.2678 0.2827 0.3259 0.3695
2002 0.0203 0.0445 0.1014 0.1474 0.1748 0.2288 0.2631 0.2654 0.2772 0.2848 0.2854
2003 0.0143 0.0382 0.0841 0.1441 0.1857 0.2154 0.2436 0.2637 0.2687 0.2822 0.3045
2004 0.0102 0.0354 0.0873 0.1454 0.2040 0.2207 0.2469 0.2778 0.2742 0.2940 0.3241
2005 0.0254 0.0345 0.0776 0.1362 0.1735 0.2237 0.2445 0.2400 0.2630 0.2849 0.2778
2006 0.0188 0.0542 0.1064 0.1494 0.1756 0.2166 0.2367 0.2543 0.2735 0.2888 0.2876
2007 0.0182 0.0519 0.1081 0.1454 0.1797 0.2154 0.2433 0.2656 0.2723 0.3042 0.2985
2008 0.0178 0.0421 0.0992 0.1556 0.1854 0.2225 0.2521 0.2740 0.2819 0.3003 0.3228
2009 0.0074 0.0422 0.0974 0.1503 0.1830 0.2163 0.2483 0.2606 0.2752 0.2882 0.3008
#
#eof
999

