# Number of parameters = 188  Objective function value = -762.838  Maximum gradient component = 0.000343281
# theta[1]:
6.03497019426
# theta[2]:
0.819670174642
# theta[3]:
-0.926927155154
# theta[4]:
5.70148554346
# theta[5]:
5.48661453198
# theta[6]:
0.347175401133
# theta[7]:
0.907875488663
# sel_par[1]:
 1.04672408356 -0.883989150379
# sel_par[2]:
 1.18717627564 -0.965639941791
# sel_par[3]:
 -0.215024127444 -2.72161715263
# sel_par[4]:
 0.720275847948 -2.99573227355
# sel_par[5]:
 0.720275847948 -2.99573227355
# log_ft_pars:
 -0.535095911991 -0.224973890767 -3.81348439156 -0.588340294323 -1.46128192837 0.277367688943 0.293029391813 -0.752474743708 -0.0767052142462 -1.92411862119 -0.105854706484 -1.04534568110 0.0444379891700 0.200407972495 -0.119620193778 1.42771292043 0.279764169114 -2.13265575592 -4.71976494717 -2.19154572809 -4.44926686719 -7.01528526664 -4.67835544330 -6.30621145944 -8.75499837344 -7.65762590826 -6.99084751454 -7.63608172821 -6.40101495729 -1.19973157708 -1.59937670429 -2.25977283121 -2.46307422419 -1.80484960839 -2.13762617025 -1.58019287506 -8.64224257235 -5.62655569490 -3.60573176741 -3.48890305158 -2.52937022327 -2.59463478128 -2.85638098635 -2.61179111475 -2.56815179626 -2.10146382417 -2.09813536793 -1.57640489215 -1.75881721908 -1.84806405855 -1.56578247063 -1.45159058949 -1.98054928995 -2.32531904307 -1.74813295891 -2.10385378254 -1.92585756338 -1.84796950655 -2.29052749575 -2.67409405205 -2.40712299939 -1.98024261122 -1.87029997926 -3.56213981054 -4.71470260201 -2.78198743427 -1.30385102903 -1.45092060906 -1.35229504701 -1.22806748089 -0.539244196625 -3.50219774731 -2.59946131345 -2.49780277134 -2.60226161912 -2.34112855350 -2.54139764757 -2.96368183838 -3.22927986847 -3.10755263163 -2.11405450081 -2.22000226513 -2.61050578236 -2.90109040464 -2.33440460786 -2.47207961820 -2.78237890578 -3.95729570069 -3.90150087634 -3.20253580312 -2.56940136214 -3.19975091149 -3.76239481292 -3.81617109126 -3.96233962478
# init_log_rec_devs:
 1.11075372075 1.54446258434 0.385600773274 -0.873638844736 -0.693567860547 -0.519443153864 -0.377322793796 -0.576844420713
# log_rec_devs:
 -0.217545176778 -0.144545381987 1.25747547658 -0.444172053750 -0.281000893966 0.207224943293 0.259191602034 0.653338418443 -0.640668913225 0.341703689422 0.753884035364 0.476603150512 0.461386827126 -0.145355917816 -0.783174651119 1.69365051700 -0.686395983534 -0.725696082364 0.478453514064 0.315548187578 0.165674428597 0.233350822694 0.00436663845259 0.0229561319116 -0.707264557465 -0.916255354338 -0.755805926109 -0.778103554833 1.35876676690 0.360396289567 0.337969193422 -0.485252565859 -0.652645071496 0.395162484980 -0.331973123009 -0.0442410569234 1.19406771699 -0.794680570438 -1.26422560545 -0.347707744214 0.964485903926 -0.540439340825 -0.341641601289 -1.53629116206 -0.533262479551 0.793073852127 0.781557801651 -0.536300771670 0.0289678127045 -0.700264261263 0.0264792479925 0.836296173189 -0.0769101051074 0.851804218833 -0.113469825551 0.413730968336 -0.528581704850 1.04895949594 -0.509501434181 -0.153153328180
# log_m_nodes:
 -0.0919686052116 -0.0959468828192 0.175083056596 0.0723203379901 -0.187125251219 0.105320472431 0.0333939060886 -0.0968351801902 0.0387873851329 0.0483006249021 0.145050108370 -0.0755736371831
