#JSC: All data were updated Aug 14, 2012.
## ________________________
## ____Model Dimensions____
1951		#first year of data
2012		#last year of data
2			#age of youngest age class
10			#age of plus group
5			#number of gears (ngear)
## flags for fishery (1) or survey (0) in ngears
#1	1	1	0	0
0.000	0.301	0.699	0	0		#20-year average catch values (2012)
#0.00137145	0.2850014	0.71362715	0  0		#20-year average catch values (2011)
#0.04	0.32	0.64	0	0					#2011/12 IFMP allocation
## NEW: Catch type
## 1 = biomass
## 2 = catch in numbers
## 3 = roe removed (expressed as tons of spawning biomass equivalents)
1     1     1     1     1
## ________________________
## ________________________
#Age-schedule and population parameters
#natural mortality rate (m)
0.334
#growth parameters (linf,k,to)  (from fishbase)
27.0, 0.48, 0
#length-weight allometry (a,b)
4.5e-6, 3.1270
#maturity at age (am=log(3)/k) & gm=std for logistic
2.055, 0.05
## ________________________
#Time series data
#Observed catch (1951-2012, 1000s metric t)
#Year P1 P2 P3 S1 S2
1951	45.865	0.000	0.000	0	0
1952	52.379	0.000	0.000	0	0
1953	1.865	0.000	0.000	0	0
1954	27.277	0.000	0.000	0	0
1955	17.806	0.000	0.000	0	0
1956	10.182	0.000	0.000	0	0
1957	28.035	0.000	0.000	0	0
1958	4.523	0.000	0.000	0	0
1959	10.224	0.000	0.000	0	0
1960	18.476	0.000	0.000	0	0
1961	42.746	0.000	0.000	0	0
1962	27.660	0.000	0.000	0	0
1963	40.228	0.000	0.000	0	0
1964	29.930	0.000	0.000	0	0
1965	44.211	0.000	0.000	0	0
1966	17.295	0.000	0.000	0	0
1967	7.998	0.000	0.000	0	0
1968	2.068	0.000	0.000	0	0
1969	0.000	0.000	0.000	0	0
1970	1.330	0.000	0.000	0	0
1971	3.500	0.000	0.000	0	0
1972	0.877	3.613	0.004	0	0
1973	0.218	1.388	0.000	0	0
1974	0.182	2.122	1.515	0	0
1975	0.155	1.536	0.011	0	0
1976	0.564	3.466	0.276	0	0
1977	0.792	5.856	1.494	0	0
1978	3.519	2.038	3.031	0	0
1979	1.810	1.271	1.236	0	0
1980	0.738	1.641	1.046	0	0
1981	1.682	1.051	0.356	0	0
1982	1.815	0.170	0.000	0	0
1983	0.000	0.000	0.000	0	0
1984	0.173	1.653	1.880	0	0
1985	0.253	3.018	3.476	0	0
1986	0.375	3.732	4.573	0	0
1987	0.122	2.077	4.071	0	0
1988	0.079	3.550	4.340	0	0
1989	0.071	3.657	4.745	0	0
1990	0.043	2.285	2.361	0	0
1991	0.019	1.348	2.143	0	0
1992	0.142	1.238	3.797	0	0
1993	0.008	2.200	4.112	0	0
1994	0.000	2.363	2.324	0	0
1995	0.000	0.706	1.355	0	0
1996	0.000	0.000	3.086	0	0
1997	0.000	0.000	5.541	0	0
1998	0.000	0.000	3.217	0	0
1999	0.000	0.256	1.859	0	0
2000	0.000	1.239	3.076	0	0
2001	0.000	1.012	1.906	0	0
2002	0.000	2.061	2.432	0	0
2003	0.005	1.446	2.562	0	0
2004	0.011	1.909	2.192	0	0
2005	0.000	1.750	2.050	0	0
2006	0.000	0.957	1.661	0	0
2007	0.000	0.000	0.969	0	0
2008	0.000	0.513	1.148	0	0
2009	0.000	0.713	1.286	0	0
2010	0.000	0.475	1.010	0	0
2011	0.000	0.883	1.264	0	0
2012	0.000	0.466	0.917	0	0
#Relative Abundance index from fisheries independent survey (it) 1970-2008
#nit
#61
2
#nit_nobs
37		25
#survey type
## 1 = survey is proportional to vulnerable numbers
## 2 = survey is proportional to vulnerable biomass
## 3 = survey is proportional to spawning biomass (e.g., herring spawn survey)
3	3
#iyr     it gear wt		survey timing
1951	27.149	4	1	1
1952	24.047	4	1	1
1953	28.468	4	1	1
1954	13.535	4	1	1
1955	14.482	4	1	1
1956	14.533	4	1	1
1957	27.518	4	1	1
1958	9.882	4	1	1
1959	40.961	4	1	1
1960	16.545	4	1	1
1961	12.059	4	1	1
1962	26.329	4	1	1
1963	16.981	4	1	1
1964	26.919	4	1	1
1965	6.055	4	1	1
1966	7.105	4	1	1
1967	3.386	4	1	1
1968	5.197	4	1	1
1969	0.965	4	1	1
1970	8.814	4	1	1
1971	8.48	4	1	1
1972	8.774	4	1	1
1973	10.959	4	1	1
1974	9.244	4	1	1
1975	10.565	4	1	1
1976	15.199	4	1	1
1977	10.425	4	1	1
1978	4.734	4	1	1
1979	7.6	4	1	1
1980	11.001	4	1	1
1981	12.939	4	1	1
1982	16.108	4	1	1
1983	23.575	4	1	1
1984	25.702	4	1	1
1985	39.606	4	1	1
1986	25.58	4	1	1
1987	38.673	4	1	1
1988	33.957	5	1.1666	1
1989	14.876	5	1.1666	1
1990	21.177	5	1.1666	1
1991	24.305	5	1.1666	1
1992	38.585	5	1.1666	1
1993	23.328	5	1.1666	1
1994	14.683	5	1.1666	1
1995	16.879	5	1.1666	1
1996	22.664	5	1.1666	1
1997	23.565	5	1.1666	1
1998	17.997	5	1.1666	1
1999	27.742	5	1.1666	1
2000	17.943	5	1.1666	1
2001	35.07	5	1.1666	1
2002	20.503	5	1.1666	1
2003	32.389	5	1.1666	1
2004	28.961	5	1.1666	1
2005	26.247	5	1.1666	1
2006	9.567	5	1.1666	1
2007	14.632	5	1.1666	1
2008	12.071	5	1.1666	1
2009	11.368	5	1.1666	1
2010	27.073	5	1.1666	1
2011	19.644	5	1.1666	1
2012	21.559	5	1.1666	1
#Age composition data by year, gear (ages 2-15+)
#na_gears
3
#na_nobs
33	41	37
#a_sage
2	2	2
#a_page
10	10	10
#yr gear   		V2   V3   V4   V5  V6  V7  V8 V9 V10  #Number aged.
1951	1	203	852	2739	486	263	124	12	2	1
1952	1	282	522	1994	2679	364	61	18	2	0
1953	1	17	541	327	361	158	14	1	0	0
1954	1	56	753	772	638	351	69	16	1	0
1955	1	31	55	795	177	59	12	2	0	0
1956	1	169	978	160	319	43	9	3	2	0
1957	1	401	610	1482	597	558	45	12	1	0
1958	1	339	256	64	82	13	17	0	0	0
1959	1	54	973	539	144	157	34	35	3	0
1960	1	1903	252	972	286	119	71	16	7	0
1961	1	400	2348	276	649	155	54	16	5	0
1962	1	30	153	190	38	58	17	3	5	1
1963	1	1326	434	550	673	100	89	13	2	0
1964	1	109	2174	339	371	300	23	20	4	1
1965	1	184	412	1603	336	350	312	58	14	4
1966	1	0	14	75	83	62	78	40	12	6
1971	1	39	309	211	64	34	11	4	1	0
1976	1	0	8	11	16	27	29	57	14	0
1977	1	0	3	4	8	16	12	9	4	0
1978	1	11	80	265	188	191	145	64	22	12
1979	1	22	125	140	348	234	216	113	75	31
1980	1	13	708	76	90	90	62	48	23	9
1981	1	69	459	3366	586	604	562	266	145	68
1982	1	37	288	485	1005	246	161	124	52	16
1984	1	18	237	103	91	64	107	18	7	5
1985	1	92	48	110	165	69	24	23	5	0
1986	1	198	182	155	451	266	152	95	82	20
1988	1	1	53	159	46	43	46	17	16	4
1991	1	15	25	5	20	6	6	0	2	1
1992	1	33	51	49	21	44	15	11	3	1
1993	1	12	58	57	41	5	7	2	0	0
1994	1	7	9	54	75	39	5	3	2	0
1998	1	0	0	51	85	101	38	48	27	9
1972	2	0	38	128	460	42	27	17	1	1
1973	2	37	336	47	262	219	31	12	6	0
1974	2	1	113	336	47	104	28	2	1	0
1975	2	41	298	695	1362	355	306	78	20	4
1976	2	0	6	49	226	357	52	17	6	0
1977	2	3	327	125	406	564	240	72	20	6
1978	2	10	100	269	79	163	158	23	7	2
1979	2	27	181	113	290	104	166	53	14	3
1980	2	57	2507	239	164	129	104	45	17	5
1981	2	36	494	3840	170	79	68	20	10	6
1982	2	42	290	114	1024	44	21	6	3	0
1983	2	62	954	813	241	2253	171	52	27	9
1984	2	17	1138	436	314	448	721	31	9	4
1985	2	18	330	2288	528	268	439	329	8	4
1986	2	99	778	534	2616	611	298	401	313	3
1987	2	42	1904	490	327	1423	281	165	136	59
1988	2	19	1303	1638	251	351	485	82	61	10
1989	2	22	784	1307	1001	178	162	129	23	8
1990	2	33	920	1143	1431	1040	203	168	109	13
1991	2	39	1979	391	519	649	391	68	36	39
1992	2	15	1699	1587	251	228	287	146	26	17
1993	2	5	432	1783	1216	162	177	175	63	4
1994	2	44	325	885	3246	1487	276	248	96	31
1995	2	140	673	297	495	1898	692	107	56	25
1996	2	29	1763	241	76	115	316	140	10	5
1997	2	35	615	1447	216	68	133	128	50	5
1998	2	4	702	465	768	94	30	23	27	2
1999	2	17	95	706	350	425	76	18	15	13
2000	2	77	1111	381	1132	498	646	89	20	10
2001	2	79	1430	875	235	702	315	260	39	4
2002	2	240	867	1553	871	187	442	167	82	10
2003	2	16	2387	538	605	313	92	131	47	20
2004	2	23	50	1700	273	238	98	19	28	2
2005	2	21	856	268	1297	279	166	59	13	10
2006	2	29	327	887	176	460	78	32	9	2
2007	2	27	355	161	78	22	72	9	7	1
2008	2	69	578	2062	448	310	65	135	29	9
2009	2	11	847	703	1723	286	197	45	59	2
2010	2	41	1095	888	377	676	108	54	10	12
2011	2	17	1230	1058	527	208	294	49	19	4
2012	2	97	301	1452	717	312	164	123	13	3
1974	3	0	1	41	22	36	3	1	0	0
1975	3	0	0	15	28	4	0	0	0	0
1976	3	0	0	9	33	13	2	0	0	0
1977	3	0	3	6	56	152	41	19	4	0
1978	3	0	0	31	9	49	50	10	2	0
1979	3	0	0	24	120	54	66	22	5	0
1980	3	0	13	20	92	52	51	22	9	1
1981	3	0	1	105	44	62	39	12	5	0
1984	3	0	5	10	65	108	290	17	6	4
1985	3	0	2	90	82	87	120	164	2	3
1986	3	0	5	54	713	249	115	101	80	1
1987	3	0	10	55	125	1041	293	163	108	60
1988	3	0	3	46	51	153	318	83	36	13
1989	3	0	0	22	145	65	112	104	16	11
1990	3	0	0	34	116	231	56	63	33	8
1991	3	0	0	39	171	288	287	61	40	28
1992	3	0	3	123	85	219	236	183	37	31
1993	3	0	0	62	302	71	138	99	61	7
1994	3	0	0	24	160	434	110	101	54	15
1995	3	0	1	10	144	295	334	35	16	10
1996	3	0	4	21	29	132	167	135	16	6
1997	3	0	1	123	73	88	128	130	70	15
1998	3	0	7	33	466	222	107	122	76	40
1999	3	0	0	78	119	357	97	33	14	21
2000	3	0	1	17	187	166	342	76	9	10
2001	3	0	3	58	97	337	215	266	55	9
2002	3	0	1	87	243	117	285	161	145	16
2003	3	0	3	40	323	226	92	107	46	32
2004	3	0	1	244	151	412	172	55	53	17
2005	3	0	0	6	350	136	195	44	10	7
2006	3	0	0	14	36	303	77	69	7	0
2007	3	1	11	40	208	108	630	150	65	14
2008	3	0	1	126	102	224	108	519	77	36
2009	3	0	1	20	406	187	144	53	92	9
2010	3	0	0	19	72	492	145	78	31	26
2011	3	0	2	49	138	282	601	108	45	7
2012	3	0	0	35	110	150	225	370	54	17
#n_wt_obs
62
#Mean weight-at-age in kilograms (see "input data 2012.xls")
#A$yr     V1     V2     V3     V4     V5     V6     V7     V8     V9
1951	0.0383	0.0737	0.094	0.1128	0.1229	0.1316	0.142	0.138	0.132
1952	0.0467	0.0838	0.1158	0.1308	0.1496	0.1657	0.1672	0.2215	0.17
1953	0.0388	0.0803	0.1108	0.1307	0.1433	0.1572	0.169	0.1871	0.17
1954	0.0405	0.0724	0.1057	0.1308	0.1453	0.1617	0.1826	0.193	0.17
1955	0.0458	0.0808	0.1013	0.1215	0.1429	0.1593	0.154	0.1871	0.17
1956	0.0373	0.0764	0.0944	0.1136	0.1405	0.1518	0.17	0.199	0.17
1957	0.0287	0.0752	0.1041	0.1225	0.1368	0.1654	0.1887	0.20	0.17
1958	0.0348	0.0758	0.1216	0.1414	0.1393	0.1679	0.169	0.1871	0.17
1959	0.0436	0.0857	0.1022	0.1205	0.1494	0.1547	0.1659	0.148	0.17
1960	0.038	0.0674	0.1038	0.1211	0.1396	0.1545	0.1689	0.17	0.17
1961	0.0395	0.074	0.1074	0.1306	0.1443	0.1594	0.1554	0.193	0.17
1962	0.0439	0.0791	0.1086	0.1388	0.1641	0.1797	0.1807	0.202	0.17
1963	0.0393	0.0662	0.1042	0.1281	0.1545	0.1664	0.1902	0.225	0.17
1964	0.0442	0.0724	0.0932	0.1224	0.1333	0.159	0.152	0.156	0.148
1965	0.0527	0.0983	0.1143	0.14	0.1566	0.1637	0.1797	0.2001	0.23
1966	0.0408	0.0774	0.1054	0.127	0.1442	0.1599	0.169	0.1871	0.17
1967	0.0408	0.0774	0.1054	0.127	0.1442	0.1599	0.169	0.1871	0.17
1968	0.0408	0.0774	0.1054	0.127	0.1442	0.1599	0.169	0.1871	0.17
1969	0.0408	0.0774	0.1054	0.127	0.1442	0.1599	0.169	0.1871	0.17
1970	0.0485	0.0831	0.1134	0.1382	0.1571	0.1734	0.1836	0.1913	0.2042
1971	0.0362	0.0688	0.1104	0.1317	0.1445	0.1766	0.172	0.102	0.2042
1972	0.0485	0.1004	0.137	0.1628	0.1991	0.2247	0.2331	0.249	0.259
1973	0.0326	0.0826	0.1172	0.1641	0.1791	0.1976	0.2103	0.2158	0.2042
1974	0.067	0.0863	0.1212	0.1655	0.1845	0.1947	0.204	0.175	0.2042
1975	0.0288	0.0658	0.1138	0.1375	0.1648	0.1673	0.1827	0.1786	0.2063
1976	0.0485	0.0887	0.1325	0.1583	0.1734	0.2029	0.2106	0.227	0.2042
1977	0.054	0.0862	0.1178	0.151	0.1688	0.1838	0.1955	0.1956	0.2242
1978	0.0554	0.0984	0.1249	0.1491	0.1701	0.1856	0.2022	0.2323	0.2304
1979	0.0566	0.0966	0.1289	0.1483	0.1661	0.1844	0.1911	0.2136	0.2129
1980	0.0609	0.0807	0.1165	0.1471	0.1697	0.1792	0.1879	0.2094	0.2241
1981	0.0452	0.0811	0.0999	0.1306	0.1551	0.1692	0.1827	0.2014	0.2028
1982	0.0421	0.0775	0.1083	0.1162	0.1483	0.1703	0.1778	0.1833	0.1978
1983	0.0556	0.0795	0.1042	0.1222	0.1349	0.1536	0.1697	0.1914	0.1961
1984	0.0457	0.0752	0.0897	0.1112	0.1237	0.1351	0.1568	0.1769	0.187
1985	0.0356	0.0787	0.0975	0.1095	0.1219	0.1336	0.149	0.1766	0.159
1986	0.0555	0.0919	0.1185	0.1369	0.1472	0.1578	0.1685	0.1795	0.1963
1987	0.0549	0.0835	0.107	0.1283	0.1418	0.1526	0.1596	0.1719	0.1746
1988	0.0507	0.0742	0.0967	0.1165	0.1351	0.1514	0.1519	0.1642	0.1887
1989	0.0565	0.0751	0.0964	0.1156	0.1361	0.1471	0.1659	0.1596	0.1906
1990	0.0504	0.089	0.1078	0.1222	0.1379	0.1524	0.1655	0.1763	0.185
1991	0.0548	0.0763	0.1056	0.1205	0.129	0.1413	0.1483	0.1601	0.1711
1992	0.047	0.0764	0.0935	0.1201	0.1334	0.1405	0.1486	0.1671	0.1732
1993	0.0538	0.0767	0.0964	0.1093	0.1264	0.1367	0.1417	0.1514	0.1543
1994	0.0425	0.0717	0.0935	0.1061	0.116	0.134	0.1375	0.1413	0.1594
1995	0.048	0.0741	0.092	0.1123	0.1207	0.1309	0.1487	0.1577	0.1589
1996	0.0524	0.0723	0.0947	0.1111	0.129	0.1343	0.1429	0.1485	0.1608
1997	0.0565	0.0677	0.0839	0.1039	0.119	0.1308	0.1377	0.1454	0.1496
1998	0.0448	0.067	0.0799	0.0924	0.1018	0.1204	0.1303	0.1462	0.1505
1999	0.0579	0.0791	0.0956	0.104	0.1155	0.1189	0.1363	0.139	0.1443
2000	0.0465	0.0695	0.0852	0.1042	0.1099	0.1185	0.1303	0.1308	0.1416
2001	0.0424	0.0674	0.0917	0.1051	0.1245	0.1264	0.1368	0.1376	0.1513
2002	0.0466	0.066	0.0847	0.1047	0.1176	0.1287	0.1334	0.1476	0.1532
2003	0.0505	0.0701	0.0853	0.1096	0.1262	0.14	0.1457	0.1521	0.1588
2004	0.05	0.0649	0.0865	0.1003	0.1148	0.1312	0.1432	0.1524	0.134
2005	0.0382	0.0644	0.0709	0.100	0.1059	0.1194	0.1376	0.1392	0.147
2006	0.0479	0.0631	0.0796	0.0908	0.1097	0.1213	0.1309	0.1434	0.1205
2007	0.0399	0.0581	0.0702	0.0902	0.1069	0.1104	0.1196	0.1274	0.144
2008	0.0442	0.058	0.0816	0.0947	0.1078	0.1175	0.1316	0.1323	0.1516
2009	0.0322	0.0725	0.0823	0.1017	0.1134	0.1198	0.1292	0.1374	0.154
2010	0.0449	0.0661	0.0869	0.0985	0.1121	0.118	0.1266	0.1068	0.1464
2011	0.0402	0.0687	0.0817	0.1015	0.1111	0.1254	0.1377	0.1447	0.1383
2012	0.0541	0.0604	0.0809	0.0906	0.1019	0.1126	0.1183	0.1365	0.1263
#eof
999
