# Number of parameters = 206  Objective function value = -801.663  Maximum gradient component = 0.000962782
# theta[1]:
5.62807833551
# theta[2]:
0.683333289237
# theta[3]:
-1.23470047649
# theta[4]:
5.08739332640
# theta[5]:
4.69685106462
# theta[6]:
0.382863912317
# theta[7]:
0.917771949827
# sel_par[1]:
 1.85760937701 0.274706169112
# sel_par[2]:
 1.15871445442 -0.996726217660
# sel_par[3]:
 1.72740646201 -0.647611316733 -0.0932870753636
# sel_par[4]:
 0.720275847948 -2.99573227355
# sel_par[5]:
 0.720275847948 -2.99573227355
# log_ft_pars:
 0.726647896658 1.29159926606 -1.86537551809 0.827357164711 0.655640060726 0.0479969492478 1.40657702914 -0.451546149747 -0.175520603893 0.0548062539260 0.710733100267 0.182149751270 0.566946332662 0.478424497201 1.23139711777 1.18753526747 1.22780495646 0.0197377244484 -1.27112587170 -0.320063985231 -1.99718933064 -3.50855882815 -3.95188571342 -4.19380554468 -3.27681076393 -2.84433747104 -0.944253895674 -1.27408754923 -2.18969136161 -1.52339204292 -1.76276839237 -4.75497911756 -4.45925862042 -4.24870987615 -5.30303087853 -5.61716693154 -5.56266784695 -6.04995551681 -4.84764820509 -1.37933630790 -2.34674431066 -2.20051450541 -2.59808794577 -2.01295034675 -1.25556346362 -1.99064767965 -2.11931093997 -2.06075332186 -2.86616931470 -4.86636779641 -3.04709621178 -2.63897260617 -2.49462673753 -2.94743671653 -2.36243361981 -2.20988599246 -2.58282929833 -3.06361214480 -3.31976860411 -2.72867520613 -2.42284402495 -3.50574137360 -4.74073504436 -2.97271536080 -3.20861227784 -2.47397539133 -2.93441620845 -2.62779322442 -2.39783398143 -2.78088729388 -3.67332266561 -3.34202168524 -3.73116667928 -3.21427468841 -6.98392350329 -1.52082907417 -6.62662212868 -3.90542071624 -2.20905241328 -1.09561643670 -1.42298998202 -1.48620620187 -2.64118109043 -2.26358650539 -1.63256438164 -1.57487198952 -1.71017657984 -1.46875630378 -1.17973844567 -1.93357130615 -2.01283980621 -1.35082211477 -1.13489695940 -1.84773182055 -2.57593788595 -1.68950513323 -0.722983223864 -1.14152345688 -2.04594583011 -1.56092328107 -2.00866692465 -1.54434783227 -1.41274990090 -1.49172777159 -1.54957946978 -1.75037277109 -2.09820886218 -1.95129074477 -2.01017752824 -2.47861066085 -2.38219439384
# init_log_rec_devs:
 1.73513347128 2.17663739961 0.990144412037 0.329498447338 -1.31666037820 -1.19360987738 -1.05113544826 -1.67000809853
# log_rec_devs:
 0.571574382128 0.235649505437 0.937577608718 -0.464322374113 0.425445761608 -0.253270226482 0.343634676887 0.946139693848 -0.357481500771 1.72403660855 0.885828347695 0.260485769290 1.75846061093 -0.152239666129 -0.435324647333 0.232433279191 -0.684918339140 -1.21000193914 -0.405441227718 -0.0243039162114 -0.830211241814 -0.0910330200109 -0.139074179643 -0.374291009509 -1.08946335389 -0.737776027198 -1.36998371497 -1.43869591919 0.204361325542 -0.516871162046 -0.472709692222 -0.0538575099135 0.917262747742 -0.0217371056593 -0.177115269117 0.791540880207 0.478117877128 0.132276173023 -0.581736304564 0.802747331254 0.659843943196 -0.179371178237 -0.941683598366 -0.452111986109 0.740493125640 -0.0217499728581 0.393222513685 -0.699079198155 0.102559759299 0.543723143252 0.108945655501 1.12443208447 -0.621951871055 -0.102071876439 -0.335539108155 0.787361837847 -0.343365323610 -0.368290869635 -0.129280099833 0.0424705555186 -0.0742707324926
# log_m_nodes:
 -0.270460673532 -0.0240136822055 0.190185891467 0.0586438496881 -0.109273377304 -0.0115764173058 0.0968757084837 -0.0143415165617 -0.00126845207533 0.0607807448092 -0.0372716184103 -0.139978784897
