# Number of parameters = 206  Objective function value = -801.198  Maximum gradient component = 0.000333339
# theta[1]:
5.93787530740
# theta[2]:
0.666712663708
# theta[3]:
-1.14447554103
# theta[4]:
5.47457069766
# theta[5]:
5.08067443398
# theta[6]:
0.381240054648
# theta[7]:
0.920064788328
# sel_par[1]:
 1.82399656338 0.188645204793
# sel_par[2]:
 1.20343722283 -0.897697785238
# sel_par[3]:
 1.72700916792 -0.662177572437 0.0409885263200
# sel_par[4]:
 0.720275847948 -2.99573227355
# sel_par[5]:
 0.720275847948 -2.99573227355
# log_ft_pars:
 0.726290513454 1.25511732849 -1.92196374506 0.791068195610 0.611536562885 -0.000819700864632 1.33209313096 -0.584424328710 -0.298514021656 -0.0612351193061 0.587822360383 0.0512760259923 0.443653788121 0.367559760148 1.10136188453 0.975416931065 0.923667605380 -0.289041808010 -1.47824394071 -0.525725842674 -2.23312921375 -3.74516296895 -4.17105728746 -4.38510684721 -3.42286046798 -2.96388716378 -1.07730648276 -1.46777419453 -2.43142052091 -1.79624738490 -2.04368290914 -4.97361875797 -4.67429064406 -4.47767922235 -5.53839896948 -5.85673499407 -5.82372679047 -6.32060696163 -5.08731601751 -1.60201349586 -2.56604512657 -2.39989649053 -2.76919131805 -2.14696242044 -1.36449221932 -2.12289077031 -2.30800655327 -2.27381330561 -3.12715172052 -5.13487910057 -3.24104553541 -2.84655601861 -2.71988444986 -3.16365763471 -2.58944166230 -2.46065485213 -2.84232072029 -3.29518701014 -3.54346160902 -2.96232312612 -2.65852141740 -3.72249873854 -4.97559922211 -3.20268171301 -3.42479572767 -2.70524563170 -3.15853329867 -2.87511235503 -2.66097890164 -3.05299335809 -3.92353892342 -3.59579353244 -3.97882203677 -3.47490465447 -7.21906382789 -1.85220535601 -6.88451389780 -4.12016806885 -2.38701775071 -1.25011059487 -1.64815588044 -1.74844884192 -2.91297360726 -2.47166576465 -1.85096037704 -1.81796316525 -1.96081524330 -1.71584096096 -1.43687584545 -2.19424094626 -2.26320934596 -1.58156440799 -1.39229230630 -2.09480857255 -2.78922439994 -1.88817230210 -0.933149487737 -1.36770562288 -2.29729693928 -1.80935904781 -2.26135459328 -1.78255775734 -1.66374130219 -1.75121069932 -1.80512365944 -2.01957814384 -2.34623098916 -2.19081310896 -2.25901758357 -2.74896712886 -2.63083986865
# init_log_rec_devs:
 1.49372336793 2.00169886347 0.872354082699 0.249971185948 -1.25954282308 -1.09571673815 -0.919835215203 -1.34265264129
# log_rec_devs:
 0.301043896004 -0.000535494013306 0.729740592220 -0.658618301102 0.234764192148 -0.404641077926 0.214159707934 0.872020156268 -0.414771719033 1.65907682126 0.850818813327 0.244637606512 1.74077407147 -0.194009151423 -0.502912249832 0.132340454653 -0.633586939901 -1.13546740447 -0.367725698186 0.00446234075319 -0.833732696406 -0.0469942847176 -0.145836591167 -0.405639920606 -1.13394832052 -0.776092191177 -1.37283397502 -1.41845747990 0.283206019937 -0.461284360673 -0.431424754423 -0.0284063175868 0.940022106631 0.00184951224107 -0.140547726603 0.845578388163 0.543160829869 0.207935059346 -0.507017111309 0.900513358063 0.737065525247 -0.121520297900 -0.893312138575 -0.402462000230 0.788287077574 0.0390241485241 0.429471135991 -0.668068128484 0.111963695417 0.574253116010 0.154194734081 1.17830986916 -0.518477741680 -0.0163336562068 -0.246941501716 0.858368702317 -0.310326695326 -0.353813266116 -0.105594223044 0.122437002286 -0.0481455240154
# log_m_nodes:
 -0.163322819994 0.0140403834151 0.149705091894 0.0104110869032 -0.0785603408838 -0.0225721031635 0.0805916958885 -0.00577778638131 -0.0139713472942 0.0591327864399 -0.0399888309297 -0.146970954905
