# Number of parameters = 249  Objective function value = -769.286  Maximum gradient component = 0.000109825
# theta[1]:
5.55777554103
# theta[2]:
0.694156405830
# theta[3]:
-1.26646378342
# theta[4]:
4.95302547129
# theta[5]:
4.59662199294
# theta[6]:
0.381520723506
# theta[7]:
0.863310181584
# sel_par[1]:
 1.84816230250 0.291889868205
# sel_par[2]:
 1.15939511843 -0.990929666998
# sel_par[3]:
 0.0425005298091 -3.77851691184
# sel_par[4]:
 0.720275847948 -2.99573227355
# sel_par[5]:
 0.720275847948 -2.99573227355
# log_ft_pars:
 0.685949929515 1.25666270267 -1.89597826708 0.786076301509 0.608616844102 0.00596753583586 1.36789264853 -0.477899330681 -0.198962909566 0.0330081754400 0.692997289046 0.168320639306 0.554701212282 0.460726496284 1.19695181706 1.15389124160 1.21994402140 0.0416836372481 -1.26779159740 -0.331853455042 -2.01831028679 -3.52980745707 -3.97998254014 -4.21643908106 -3.28596981475 -2.84281497539 -0.898860791315 -1.14660162582 -1.96744360477 -1.25818920280 -1.50259007143 -4.56659805062 -4.27540073002 -4.08950919630 -5.16176165204 -5.46547575963 -5.39030529177 -5.90054921671 -4.74902016388 -1.36132154326 -2.32242136494 -2.16560882055 -2.55775542824 -1.97362785424 -1.20537119448 -1.89106462080 -1.89386497179 -1.78041253742 -2.60578909395 -4.60451868196 -2.82679984986 -2.42947081004 -2.29435201558 -2.75539357421 -2.19007648115 -2.04401931341 -2.42037087371 -2.91498782931 -3.19294651771 -2.62313071332 -2.33337793008 -3.45239785172 -4.69709149567 -2.85949458071 -3.05504638884 -2.30109788928 -2.74022615129 -2.44290450385 -2.23419543355 -2.65583559128 -3.56351177514 -3.16169612743 -3.52300200670 -7.75690255915 -1.98103826375 -6.87351754702 -4.29716091714 -2.39186942873 -1.22389191098 -1.60522463647 -1.41468974978 -2.22621436301 -1.56096156156 -1.18227909960 -1.66725714707 -1.54978420131 -1.18001715413 -0.834514550485 -1.68987795897 -1.72222645276 -1.04327674742 -0.824075926266 -1.22818411821 -2.03207704227 -1.45205509301 -0.408722083845 -0.0849493092617 -1.55550840649 -1.00395682094 -1.60893609686 -0.918991170794 -0.768086210501 -0.608347637423 -0.448556223088 -0.917211225049 -0.988062004781 -1.15797799709 -1.25148518312 -1.83805664659
# init_log_rec_devs:
 1.80050114519 2.22054371510 1.01452832671 0.353545034998 -1.32691941432 -1.21548422717 -1.08310888746 -1.76360570807
# log_rec_devs:
 0.676047469847 0.344102000759 1.05203607656 -0.367603616238 0.537394715653 -0.151270012846 0.451680546547 1.04789241688 -0.270695575464 1.81490777068 0.956602120150 0.316529239831 1.83018146133 -0.101447532862 -0.396491905256 0.267805482380 -0.642488095656 -1.18406800422 -0.347046497159 0.0399519364285 -0.829674911734 -0.0531774922385 -0.112794169079 -0.354596401954 -1.07359872848 -0.788158654915 -1.56011565391 -1.75180160037 0.116737761695 -0.759476577693 -0.725526306416 -0.287054660794 0.688277628323 -0.299875678258 -0.430404665877 0.607467121255 0.311584600523 -0.116243055023 -0.791039445839 0.679196528748 0.563317381451 -0.280709009092 -1.05828505730 -0.296830445093 0.848693041603 0.100290587934 0.437440465451 -0.585079899423 0.218424442562 0.741263177790 0.118763903769 1.09162147124 -0.484140330053 -0.0420376023281 -0.200581579707 0.871007083767 -0.284090442839 -0.560769858093 0.381943112864 0.0760138967657
# log_m_nodes:
 -0.296800638614 -0.271675350508 -0.227568733036 -0.171475138415 -0.107697081503 -0.0443377565912 0.0106622141815 0.0558985612765 0.0957250732646 0.131529481945 0.161800952989 0.184722703554 0.197071006400 0.189640227889 0.163154080357 0.127186461229 0.0764067328281 0.0207609445791 -0.0275368373680 -0.0535713105699 -0.0824690966451 -0.104136896624 -0.117647075884 -0.119461110265 -0.112431042447 -0.0954284143026 -0.0720233933000 -0.0409092479405 -0.00418815416656 0.0339473792309 0.0651805300110 0.0881534900261 0.101217885927 0.102693132640 0.0896650883443 0.0639664937058 0.0368188032663 0.00805328318629 -0.0119951871666 -0.0190477437586 -0.0142146075626 -0.00754405347381 0.00385801427245 0.0334502505757 0.0762281751699 0.116007309964 0.116667835083 0.0753977624281 0.0252763315061 -0.00817174898326 -0.0149122827314 -0.00449853731102 0.00901047812859 0.0120786374156 0.00133281613838 -0.0169259175579 -0.0371211937516 -0.0490863816133 -0.000445254589976
