# Number of parameters = 250  Objective function value = -722.522  Maximum gradient component = 0.00636160
# theta[1]:
5.79410079892
# theta[2]:
0.680323902490
# theta[3]:
-1.07331183840
# theta[4]:
5.12349942102
# theta[5]:
5.07893179948
# theta[6]:
0.352011806736
# theta[7]:
0.883428880376
# sel_par[1]:
 0.693587551942 -7.64234465187
# sel_par[2]:
 1.26751312964 -0.687251012968
# sel_par[3]:
 -0.289867284472 -2.13409285753
# sel_par[4]:
 0.720275847948 -2.99573227355
# sel_par[5]:
 0.720275847948 -2.99573227355
# log_ft_pars:
 -0.593432363998 -0.00338978419125 -3.03562619057 -0.486345567054 -0.535028511553 -1.16758121145 0.107943962222 -1.66408798046 -1.47076411518 -0.842259729127 -0.393631451429 -0.846107227312 -0.180013289553 -0.632292161417 0.300639696922 0.309825909610 0.0121088089837 -0.964797688496 -2.10146593469 -1.32822304000 -2.82730523971 -4.27529155588 -4.68949039098 -4.81099966536 -3.68851643394 -3.16545765674 -1.31132430386 -1.67010973016 -2.97309249231 -2.25932784692 -2.32816593805 -5.31497472086 -4.93764433289 -4.60264494498 -5.76202467537 -6.10961308383 -6.08622945753 -6.53515585962 -5.73359218407 -1.14180035990 -2.08553991656 -1.89958553997 -2.32839500450 -1.79945687872 -1.04600848042 -1.77017821144 -1.84107362327 -1.59963761378 -2.40479372644 -4.51559500051 -2.70945380498 -2.30057156366 -2.22420913691 -2.66020188133 -2.07246537730 -1.97063423922 -2.42366540355 -2.94184831361 -3.21709022657 -2.68624242679 -2.42940322734 -3.52856749004 -4.74278173200 -2.97132156668 -3.16696023614 -2.45638913462 -2.90186308362 -2.63177818274 -2.43437493744 -2.80531347843 -3.63831551640 -3.31659469834 -3.74628217589 -7.29545887775 -1.60986179479 -6.69545294767 -3.88979687910 -2.07535659123 -0.944320940029 -1.39103908977 -1.32089352579 -2.56081912337 -2.01718143528 -1.47324190233 -1.40173580924 -1.42104993566 -1.19752426231 -0.917438338928 -1.62603815623 -1.72983964495 -1.13692751097 -1.00457193886 -1.59401019408 -2.27348317212 -1.43181548637 -0.479421165508 -0.769950051716 -1.58848105605 -1.12286649232 -1.54222199225 -1.05782300522 -0.822896421995 -0.845308938806 -0.905846764491 -1.05441097965 -1.41477778131 -1.16628401963 -1.09876977039 -1.52934464261
# init_log_rec_devs:
 1.62189498892 1.68151872365 0.429367920097 0.253350465329 -1.04752265006 -0.890784037535 -0.764183034964 -1.28364238847
# log_rec_devs:
 0.801576414282 0.379693624160 0.892528027596 -0.413001298835 0.476411412087 0.0477502504768 -0.0284681088258 0.771124201942 -0.298591117437 1.52255307152 0.902057943429 0.349287886592 1.60389999609 -0.298595228949 0.262415359747 0.0773256608445 -0.888727987856 -1.35642187514 -0.249893865714 0.173791133698 -0.953224360909 -0.279537663631 -0.339377870974 -0.608593416346 -1.43009599939 -0.903319863131 -1.48679163673 -1.89886397170 -0.232638393181 -0.882913672605 -0.912298184653 -0.588402067273 0.371502102809 -0.570600749354 -0.817617635308 0.294882924997 0.0287734202896 -0.214974415870 -0.809817586567 0.717470927770 0.616168040241 -0.131878368658 -0.849089731690 -0.190847518924 0.952318592566 0.163775815576 0.660040965698 -0.437394455317 0.417248048489 0.914200434292 0.346638521456 1.48277039153 -0.358606763057 0.278212403094 0.167663032564 1.34435597845 0.0665734649587 0.307565754208 0.876999899896 0.163008155953
# log_m_nodes:
 -0.254567298855 -0.240805495142 -0.217361453362 -0.187074828544 -0.149448684083 -0.108381852846 -0.0669463086350 -0.0269482910326 0.0158295447057 0.0629873705420 0.114949039476 0.168367083953 0.215451505586 0.246002998245 0.253116051702 0.231753764418 0.173667308473 0.0869424937973 -0.00923826186458 -0.0764799398150 -0.128022781069 -0.164103683846 -0.181218780250 -0.180429603517 -0.165531427952 -0.139212848819 -0.104401974362 -0.0639941569488 -0.0192310321098 0.0247125517729 0.0615627129461 0.0867953086459 0.100239748669 0.102236071474 0.0954567903694 0.0835961794903 0.0724255799261 0.0642894665004 0.0598064054742 0.0622850007411 0.0636738726670 0.0552149255589 0.0325828157392 0.0134338000915 0.0160253005691 0.0377747558868 0.0630165257135 0.0711123933154 0.0654985770023 0.0498737192912 0.0347786776074 0.0303598321338 0.0381618877025 0.0452562443817 0.0315642149428 -0.00458483214863 -0.0455405143756 -0.0804545903585 -0.0946753321085 0.00000000000
