# Number of parameters = 205  Objective function value = -685.436  Maximum gradient component = 0.000403474
# theta[1]:
5.84843277922
# theta[2]:
0.713957441214
# theta[3]:
-1.19725428039
# theta[4]:
5.24727281175
# theta[5]:
4.91003162395
# theta[6]:
0.345181031509
# theta[7]:
0.802378156251
# sel_par[1]:
 1.62416582142 0.0775975558343
# sel_par[2]:
 1.15704266684 -1.04782424377
# sel_par[3]:
 -0.342781821082 -0.527679961249
# sel_par[4]:
 0.720275847948 -2.99573227355
# sel_par[5]:
 0.720275847948 -2.99573227355
# log_ft_pars:
 0.352057347577 0.897045914994 -2.22587184329 0.462919360088 0.257643367755 -0.330895377615 0.992585853203 -0.875310770202 -0.590442465450 -0.354217835673 0.302396890080 -0.244237848454 0.160927704571 0.0910249650297 0.765132442790 0.715348391691 0.783425135170 -0.400479655559 -1.62545177149 -0.723163183255 -2.44387423456 -3.93053325688 -4.33329636260 -4.53830584200 -3.55673818197 -3.07621222042 -1.19451486648 -1.55681640265 -2.46683313296 -1.81231041731 -2.05249439700 -4.97733884538 -4.69936931801 -4.49988734404 -5.53641790446 -5.84754541134 -5.82938742837 -6.32350787794 -5.11248320483 -1.53289316527 -2.46851378434 -2.27829320655 -2.63236429046 -2.02307131978 -1.26688465202 -2.02526844896 -2.12638644810 -2.03217602944 -2.83135478189 -4.83418286989 -3.04235975504 -2.62865232695 -2.48301634866 -2.96098273343 -2.41009114131 -2.27248782361 -2.63085583112 -3.10820654532 -3.38866272161 -2.80929684741 -2.47103533033 -3.52661076708 -4.80562739462 -3.02446466423 -3.26698185342 -2.52941787570 -3.01782656721 -2.73436909067 -2.50616107505 -2.91925979700 -3.70681397884 -3.25095515959 -3.53702568597 -3.11625340557 -7.69122380849 -2.03149477502 -7.04095082837 -4.13958633211 -2.31353023291 -1.22225065947 -1.68871687543 -1.74567296373 -2.97559800031 -2.22741682146 -1.72634583638 -1.63199218407 -1.60678494053 -1.40397824999 -1.15152428707 -1.81463196415 -1.84998338746 -1.24179878569 -1.08104951441 -1.61379933990 -2.25472300228 -1.41796052061 -0.479335164601 -0.718996407051 -1.42633887577 -0.869378601606 -1.21676003459 -0.636030412054 -0.169150623446 0.118765565773 0.475220339467 0.726321750088 0.714577894262 1.30485772398 1.91337940433 2.23246511734 2.99999993587
# init_log_rec_devs:
 1.58557233148 2.08203338099 0.836989109920 0.294515243472 -1.26767606614 -1.11679484124 -0.953838828646 -1.46080030805
# log_rec_devs:
 0.431682763404 0.163353513053 0.869518309964 -0.579417225019 0.387530285681 -0.312236374128 0.272310813822 0.973215179069 -0.321515762793 1.75286690719 0.934356015265 0.292975236872 1.84057889486 -0.150223756653 -0.451130122486 0.106741758305 -0.659098345956 -1.12405002775 -0.207625238409 -0.0488038737342 -0.935465884965 -0.219451870353 -0.357772168853 -0.655636865301 -1.29176405286 -0.982435209176 -1.67476868177 -1.81480148752 -0.0940829786397 -0.898337563065 -0.765074382575 -0.316506189191 0.589865707809 -0.354092543370 -0.345354895862 0.676396497305 0.444036751224 -0.0152273917346 -0.636781136623 0.730876578293 0.704548524686 -0.386450744477 -1.19143589949 -0.504938172392 0.729170606898 -0.0236645618443 0.403099684800 -0.804981733782 0.103488735703 0.521808969022 0.0562271001291 1.19611239349 -0.649706686588 0.150968402802 -0.0549370862730 0.946658480133 -0.170999192551 0.0289447258565 0.265542722359 0.682886825563 2.74300569477
# log_m_nodes:
 -0.212174736157 0.0162556742910 0.154684383112 0.0239387212651 -0.134583500456 -0.0451918913258 0.145205538145 -0.00613040927445 0.00416145624200 0.0581192874575 0.0258520714014 0.0419490867359
