# Number of parameters = 254  Objective function value = 3198.54  Maximum gradient component = 6215.57
# theta[1]:
1.72999023471
# theta[2]:
0.998926907313
# theta[3]:
-1.16243234726
# theta[4]:
1.44675628287
# theta[5]:
-4.35724831247
# theta[6]:
0.890569009792
# theta[7]:
0.0238449906360
# sel_par[1]:
 -5.99170369467 0.664727610223 1.74282635155 1.90487641020 2.24705161843
 -4.67341753408 0.776844287473 1.39196853484 1.15492918242 1.22744705238
 -2.79503839716 1.04663893175 1.13758719118 0.361366763652 0.297587142346
 -1.54071325145 1.25452992124 0.785492244572 -0.177776515172 -0.303398753553
 -0.516491755782 1.31985393100 0.507956114783 -0.650331895110 -0.778589023193
 0.0385026196861 1.10904263277 0.337312799740 -0.975497150805 -0.746257025830
 0.924229575454 1.22658166700 0.0539290066904 -1.14486687460 -1.03070409193
 1.28173542265 1.00458186751 -0.0239086648422 -1.14332676097 -1.02756348711
 1.35812964711 0.796522345988 -0.0597159100408 -1.24198473511 -0.918446126610
 1.51289365132 0.796659196593 -0.0741212626525 -1.19473411146 -1.13889454100
 1.15290169288 0.716584643410 0.0569559278287 -0.926090743709 -1.04881522722
 1.02199725832 0.662858546545 0.0674929132728 -0.956535875730 -0.809513706183
 0.800048042254 0.579760285433 0.0663626660698 -0.656726211914 -0.798482789639
 1.09943258310 0.794303982207 -0.236201792934 -0.737374207147 -0.959365314856
 0.999987051463 0.630941004153 0.00312972576268 -0.830732758259 -0.878121585150
 1.22743402442 0.876968946743 -0.115764295859 -0.894123780746 -1.13338172075
 0.905337728280 1.17424778895 0.180543762377 -0.897336516764 -1.33846141882
 0.957943059963 1.29606702956 0.0254320370828 -0.928143123003 -1.37047000242
 1.35237711617 0.785383007149 0.0331560858012 -0.980741080647 -1.28633281131
 1.35112521882 0.672614968437 0.173126507023 -0.986392668350 -1.21748453151
 1.33233210330 0.672080847634 -0.0849680585477 -1.00536435123 -0.978209273741
 1.09224876180 0.719815858724 -0.151528304384 -1.13311212087 -0.663732697090
 0.829109110305 0.798766730325 0.0777480454044 -1.20354450139 -0.526972470184
 0.353360622613 0.796162367798 0.0122685959555 -0.954935924134 -0.223600602169
 0.0150485010026 0.691691061607 0.0648217891560 -0.882029537531 -0.00843529422967
 -0.451957014914 0.400596227406 0.364766300610 -0.447824492328 0.119570867013
 -0.276466962610 0.215052167096 -0.0812248204945 -0.159289757239 0.340518114222
 -0.305264560496 0.0523124832184 -0.201507368684 -0.0139704287957 0.492501364535
 -0.113154459770 -0.0773501163552 -0.638011037919 -0.0411583632826 0.778695447999
 0.179193443664 0.169987774643 -1.05683021686 -0.322091701969 0.942835901439
 0.227434375012 0.530805877883 -1.33534373811 -0.495613580430 1.09559741767
 0.654965562306 0.758833741679 -2.01501589984 -0.383527681545 1.02241036549
 1.15461693186 0.601668068303 -2.43941101291 -0.397045813048 1.14130431816
# sel_par[2]:
 0.690181931183 -9.03142063358
# log_ft_pars:
 -11.1230714690 -10.7548107590 -9.56191232470 -9.67627759438 -9.34094159797 -9.43003510771 -9.25996592047 -8.83089890772 -8.69604567038 -7.34581265731 -7.15335952668 -7.44132827310 -7.56387105135 -7.61904158627 -7.20100413182 -6.87791914399 -6.90876790109 -6.12323218166 -6.19680371639 -6.10032675349 -6.45177685895 -5.99575148808 -5.93774645290 -6.35434085870 -6.14467221892 -7.20404262507 -8.49937979985 -8.30570576670 -9.84573666908 -11.2226921931 -11.9306098602 -12.7905116491 -13.3364231580
# init_log_rec_devs:
 11.0430005944 10.3914149463 11.1744850791 5.43678053031 6.77442575337 11.1842897054 6.42633777154 10.4693404823 12.3671216929 4.88975328795 -9.57463865275 13.1722440949 14.9911693498 14.9264159315
# log_rec_devs:
 5.80562681454 4.98675149124 6.00215691535 2.32287140392 5.93562003300 4.99050081132 -7.97819396309 -3.64630166627 2.21711985974 1.86986698465 -9.30339712603 5.69410014708 3.05086630746 1.59521990106 1.20815330839 -2.06255849176 3.37077681450 2.38823959641 0.777018818164 4.00570339208 2.71229678739 -2.05896984679 -8.73331281178 -4.80164966325 3.75960347899 6.82332161942 7.20882949457 2.33084492317 9.86707858708 -2.65737774248 11.2811662085 3.86110268130 -1.62878205225
# log_m_nodes:
 0.00000000000 0.00000000000 0.00000000000 0.00000000000 0.00000000000 0.00000000000 0.00000000000 0.00000000000 0.00000000000 0.00000000000 0.00000000000 0.00000000000
