# Number of parameters = 173  Objective function value = -498.626  Maximum gradient component = 3.70949e-05
# theta[1]:
0.936888809556
# theta[2]:
0.728424460208
# theta[3]:
-1.47689701592
# theta[4]:
-0.0742859289159
# theta[5]:
-1.31256508713
# theta[6]:
0.244567224395
# theta[7]:
0.596515671195
# sel_par[1]:
 -1.83571653029 -3.93674541673 -4.30387144879 -4.45877201493 -3.54087216502 -2.02551886956 -5.20851346580 -2.52540605861 -4.74410936313 -7.90964100248 -2.81431784756 -1.84668807854
 -1.30847129277 -0.785140719428 -1.85221006579 -0.778579572046 -1.27663484083 0.0273490314234 -0.819972383651 -0.297420965074 -0.586842538072 -0.366904401141 -0.585384113544 -1.16273173159
 -1.17929009166 -0.356236133678 -0.00627040154442 0.245130877689 -0.108361334165 -0.0893305535948 0.919562301899 0.0666202986336 0.479986176922 1.02688099211 0.395894378247 -0.353397087675
 -0.0781503503294 0.363938204442 1.02112848274 0.907122432998 0.557720625845 -0.0323745403477 1.07096550180 0.472148004825 0.816459746077 1.31651572970 0.450797782844 0.131376166919
 1.06040737383 0.858720794505 1.34581704967 1.13939424588 1.28745199644 0.0685814890747 1.23658453316 0.453518586808 0.915370595135 1.81475557676 0.634000388728 0.316927699273
 1.61116643719 1.57866347261 1.65891509345 1.33398706024 1.21887081388 0.474333860626 1.02882850673 0.549725266650 1.44394195766 1.95461007757 1.00770229952 0.352645968089
 1.73005445388 2.27679979805 2.13649129103 1.61171697016 1.86182490366 1.57695958308 1.77254500563 1.28081486704 1.67519342526 2.16378302503 0.911307111831 2.56186706361
# sel_par[2]:
 1.79379004192 0.926855933273
# log_ft_pars:
 -1.10245895229 -1.30113615304 -1.16322551478 -1.56229347889 -1.10333190336 -1.32482738805 -1.45049715101 -1.79168284805 -2.65658023687 -2.09848571597 -1.99397097518 -1.99109665853 -1.77832278953 -2.07473275741 -1.98476783273 -2.01107353387 -2.16334672238 -1.56688491897 -1.86363125675 -1.36396710053 -1.26091907513 -1.15500861464 -0.897406848350 -1.14535143337 -1.07298290157 -1.55170969458 -1.91327760946 -1.56965366013 -1.41269842454 -1.21308575483 -1.15320646982 -0.802990149799 -0.859535514103
# init_log_rec_devs:
 0.397351943883 0.263414152078 1.65505321403 0.335732914009 0.835693712978 1.78087773984 0.587523514787 0.279323029464 0.249035622642 -0.243791302774 -0.338165988786 -0.665790585091 -1.90572046798 -3.23053767588
# log_rec_devs:
 -1.37601684118 1.18275064604 -1.22503878241 -0.351318326344 2.67742645206 -1.76310481369 -1.72912010733 -1.07282708027 2.54259158168 -1.32618364989 -0.372123637452 1.40851669130 0.791102642915 -0.428891658187 0.856935220446 -0.0284377934448 -0.672513222001 0.790157496079 0.748627605477 0.289226369680 0.380871549266 -0.104775631151 0.565884531570 2.30331410704 -0.462366180213 -0.210640847346 -1.72210052706 0.454978695839 -1.00452686640 1.16565494745 0.518581543179 -2.83587691626 0.00924276220248
# log_m_nodes:
 0.00000000000 0.00000000000 0.00000000000 0.00000000000 0.00000000000 0.00000000000 0.00000000000 0.00000000000 0.00000000000 0.00000000000 0.00000000000 0.00000000000
