# Number of parameters = 87  Objective function value = -84.8478  Maximum gradient component = 0.000102946
# theta[1]:
2.34642155564
# theta[2]:
0.682834582623
# theta[3]:
-1.89712000000
# theta[4]:
2.23642861769
# theta[5]:
7.20000000000
# theta[6]:
0.658955773905
# theta[7]:
5.30182974880
# sel_par[1]:
 2.14006616350 -0.693147180560
# sel_par[2]:
 2.14006616350 -1.38629436112
# sel_par[3]:
 1.50407739678 -1.38629436112
# sel_par[4]:
 1.50407739678 -1.38629436112
# log_ft_pars:
 -3.27030197281 -2.76933027892 -2.57058542469 -2.46745964125 -2.42085678569 -2.37808761751 -2.79704446046 -2.71419980015 -2.25315257144 -2.14034052498 -2.26099568260 -1.88302549386 -1.77885387117 -2.10098456137 -2.41539313867 -2.79761334226 -3.07933605121 -2.37523091563 -2.86855768365 -2.59745636310 -2.64145301250 -2.20286407201 -2.02383264590 -2.31829182417 -2.95987202556 -2.89713724665 -3.25090288797 -3.20515998561 -3.35125508608 -3.74707550667 -3.86053748263 -3.52404868254 -3.66392058153 -4.02825415413 -4.34575846186 -4.34196223392 -4.66238386776 -4.04111743426 -4.66978264793 -5.02296457896 -5.17258420800
# init_log_rec_devs:
 0.00000000000 0.00000000000 0.00000000000 0.00000000000 0.00000000000 0.00000000000 0.00000000000 0.00000000000 0.00000000000 0.00000000000 0.00000000000 0.00000000000 0.00000000000 0.00000000000 0.00000000000 0.00000000000 0.00000000000 0.00000000000 0.00000000000 0.00000000000 0.00000000000 0.00000000000 0.00000000000 0.00000000000 0.00000000000 0.00000000000 0.00000000000 0.00000000000 0.00000000000
# log_rec_devs:
 0.00000000000 0.107712825664 0.102553203810 0.0924563730333 0.0810803533220 0.0673990247850 0.0556687119463 0.0431672199052 0.0376551681284 0.0311261100454 0.0158653816541 0.000548660604789 -0.0105586005403 -0.0289721391808 -0.0567170926837 -0.0651325880271 -0.0579991617100 -0.0507542445741 -0.0382388223190 -0.0458869354744 -0.0382428986318 -0.0402996482643 -0.0384857097005 -0.0418956972154 -0.0669407630360 -0.0640806479736 -0.0591244271001 -0.0537393684248 -0.0375571010588 -0.0247510151742 -0.0209482796414 -0.00925910247245 -2.54298882503e-05 0.00508372401479 0.0107238107467 0.0196393243864 0.0252723761937 0.0307344794967 0.0368246985612 0.0405414664887 0.0455568858025
# log_m_nodes:
 0.00000000000 0.00000000000 0.00000000000
