# Number of parameters = 236  Objective function value = -772.273  Maximum gradient component = 0.000606770
# theta[1]:
5.90303728338
# theta[2]:
0.822022132947
# theta[3]:
-0.943472391984
# theta[4]:
5.55980649798
# theta[5]:
5.38849211885
# theta[6]:
0.341687461028
# theta[7]:
0.899275114117
# sel_par[1]:
 1.04461856014 -0.879426328958
# sel_par[2]:
 1.18546779956 -0.958539027931
# sel_par[3]:
 -0.218300814783 -2.69559347892
# sel_par[4]:
 0.720275847948 -2.99573227355
# sel_par[5]:
 0.720275847948 -2.99573227355
# log_ft_pars:
 -0.516857887913 -0.198775275036 -3.79187907261 -0.573514178369 -1.45387063255 0.276968042592 0.294302212772 -0.742341603074 -0.0563778545161 -1.89701883233 -0.0737361709912 -1.01098436720 0.0731453069713 0.227093821181 -0.0991310330778 1.40880728519 0.247959977690 -2.13608147461 -4.64188758736 -2.10737018214 -4.37757881691 -6.96992930315 -4.69429606535 -6.28913972781 -8.66982397888 -7.57668539167 -6.94194272953 -7.51470044124 -6.20558513285 -1.13035911020 -1.55626625781 -2.24765093398 -2.47625731380 -1.82849696298 -2.15484875913 -1.56561768927 -8.58681364193 -5.53419489147 -3.52613184685 -3.43298827288 -2.49478661251 -2.56512465050 -2.80902098213 -2.53263538478 -2.45194242496 -1.95682679719 -1.93822868609 -1.40024737883 -1.57313299583 -1.66688224681 -1.37781598525 -1.23365905433 -1.73887176837 -2.08428559276 -1.50714592077 -1.86588740181 -1.69051343538 -1.60499174826 -2.04183685912 -2.43178554735 -2.17250456534 -1.74284164643 -1.61421568801 -3.29565052462 -4.64183541128 -2.73424494380 -1.28462624747 -1.45603088947 -1.36887626333 -1.23957676130 -0.521168512494 -3.41163120854 -2.49566376354 -2.40812591060 -2.53948015574 -2.30148716550 -2.50802812020 -2.91170164590 -3.14819250796 -2.99275851966 -1.96015638603 -2.04710516944 -2.42739567388 -2.70849570771 -2.13455376717 -2.26616657945 -2.55243243106 -3.70753250677 -3.65636081566 -2.95212692180 -2.30790356137 -2.94298015311 -3.50391909756 -3.55276059886 -3.70244104404
# init_log_rec_devs:
 1.16951685555 1.58960193719 0.412794996127 -0.887923875849 -0.713458752083 -0.542070151740 -0.401335185092 -0.627125825283
# log_rec_devs:
 -0.113195077035 -0.0571814797129 1.34577241062 -0.347203173910 -0.170951091001 0.330646824717 0.381107667637 0.771312356627 -0.542193137203 0.432486128896 0.832058361949 0.547121193710 0.529346120431 -0.0774169027376 -0.715809953594 1.83561220248 -0.607684933303 -0.586773455174 0.587717326022 0.373277901192 0.186839001568 0.250921980556 0.0660719093829 0.128955142256 -0.553266962868 -0.752189327204 -0.593072484475 -0.645884821725 1.45082677779 0.405875730843 0.361246809047 -0.454930091239 -0.594429285930 0.478768109169 -0.238494996342 0.0320394893758 1.22857760346 -0.821290045398 -1.33890436608 -0.455103940134 0.837514001375 -0.682240848925 -0.490499389242 -1.70200587098 -0.705293455937 0.615235993157 0.596298949137 -0.730917604504 -0.157567487263 -0.878501310177 -0.142376207774 0.680516184185 -0.216141250292 0.709664800364 -0.265963443164 0.262110665364 -0.665530306810 0.912946591239 -0.648727847109 -0.219127104819
# log_m_nodes:
 -0.125786856808 -0.119218366295 -0.109796444921 -0.103204674508 -0.0972948680553 -0.0882891945726 -0.0707571815403 -0.0389646495690 0.00682430569940 0.0626024203104 0.117907522944 0.171046729839 0.212498866255 0.229865977720 0.215432344282 0.184957180594 0.122184087880 0.0202569466167 -0.0975049204222 -0.183632871650 -0.227880621277 -0.215948170545 -0.156891707299 -0.0758656148427 0.00817298663486 0.0727102451220 0.0986384900924 0.0888679764928 0.0691471431345 0.0624837357089 0.0697403164281 0.0768633901032 0.0709562017820 0.0455163072247 -0.00160855822745 -0.0579819325454 -0.114456981514 -0.152443751486 -0.154630997793 -0.123468869725 -0.0705295775988 -0.00915749623998 0.0379296664575 0.0571044861959 0.0522187592235 0.0384934445598 0.0315401137652 0.0397192741000 0.0637294945259 0.0920837799644 0.117905381471 0.140997761492 0.157629261146 0.166060757887 0.148545943856 0.103464916519 0.0392274813770 -0.0116015105907 -0.0254944589863 0.00000000000
