# Number of parameters = 189  Objective function value = -774.478  Maximum gradient component = 0.000100716
# theta[1]:
6.05253968012
# theta[2]:
0.824667864267
# theta[3]:
-0.920363550539
# theta[4]:
5.72581899097
# theta[5]:
5.53542640375
# theta[6]:
0.346462230109
# theta[7]:
0.912183701411
# sel_par[1]:
 1.04685639047 -0.886139153325
# sel_par[2]:
 1.18541610883 -0.972559161039
# sel_par[3]:
 -0.213526744187 -2.72539561298
# sel_par[4]:
 0.720275847948 -2.99573227355
# sel_par[5]:
 0.720275847948 -2.99573227355
# log_ft_pars:
 -0.546558016592 -0.242902398504 -3.83208610630 -0.603035415470 -1.47128012728 0.270828585759 0.284615486824 -0.760577066879 -0.0856131816923 -1.93389532013 -0.116916889781 -1.05799994089 0.0321494393183 0.186512776310 -0.129450848069 1.41649103060 0.268592881194 -2.14306900954 -4.73289653771 -2.20814939167 -4.46940366603 -7.03669361741 -4.68693367699 -6.31677567034 -8.76630833875 -7.66978208720 -7.01534349177 -7.66180481118 -6.39866713611 -1.22140665531 -1.62213700729 -2.28024674653 -2.47905211870 -1.81667077641 -2.14658076890 -1.59145103567 -8.65434445322 -5.64030008771 -3.61870380090 -3.50290321316 -2.54595648721 -2.61669198456 -2.88220687276 -2.63882061333 -2.59611161170 -2.12416775358 -2.11259030096 -1.58335816514 -1.76006626487 -1.84395983617 -1.56053238590 -1.45120765772 -1.99012418496 -2.34762756430 -1.77947781074 -2.13799494592 -1.95772102501 -1.87205549551 -2.30305345742 -2.67807388962 -2.40423980412 -1.97630955340 -1.86879052921 -3.55959759886 -4.73650522228 -2.80406565724 -1.32397006662 -1.46693711132 -1.36458190961 -1.23792176373 -0.550406251227 -3.51455982858 -2.61362559755 -2.51246344609 -2.61778007259 -2.35930537745 -2.56422062744 -2.99077292654 -3.25754464429 -3.13419663884 -2.13819662721 -2.23771606356 -2.62019446208 -2.90392123384 -2.33351948709 -2.47056380107 -2.78509308499 -3.96930155758 -3.92427126479 -3.23601841157 -2.60868354737 -3.23585596796 -3.78967393673 -3.83091334589 -3.96487367233
# init_log_rec_devs:
 1.08222396958 1.52221307092 0.372609331884 -0.866336565399 -0.683880872058 -0.508133272150 -0.365807565673 -0.552888094901
# log_rec_devs:
 -0.223381176844 -0.142708786490 1.25841288182 -0.446074236056 -0.287426441010 0.196196741490 0.247375407503 0.641609799602 -0.649172650304 0.333454926827 0.748760284390 0.474753566045 0.464682541608 -0.140900893607 -0.783092862919 1.69058669317 -0.681734765421 -0.732201596724 0.461207353031 0.300410262526 0.160131686956 0.240194715205 0.0113577965735 0.0294385560542 -0.708689863019 -0.917952025137 -0.760586036158 -0.787098784076 1.34778472943 0.348773343357 0.326201331151 -0.497000423942 -0.664493428668 0.389125357819 -0.333219530217 -0.0402172521581 1.20264679454 -0.787146975406 -1.26039640535 -0.353944604930 0.946927390646 -0.568471018843 -0.374246705450 -1.57296315945 -0.563244766790 0.774436386327 0.775562288468 -0.524828430641 0.0448889781277 -0.687452496689 0.0370485797980 0.835263528215 -0.0933432624932 0.824654357195 -0.141255321468 0.365473497708 -0.485028046168 0.984980780005 -0.563058199317 0.546889931840 -0.237900325022
# log_m_nodes:
 -0.0815929356257 -0.0979805312967 0.188001536487 0.0416521472021 -0.171640125810 0.114822167042 0.0109791576235 -0.0862644226627 0.0404407803746 0.0711818953350 0.119093620561 -0.160970150208
