# Number of parameters = 235  Objective function value = -784.100  Maximum gradient component = 5.55078e-06
# theta[1]:
5.95029561625
# theta[2]:
0.827209663816
# theta[3]:
-0.952035136888
# theta[4]:
5.62310585959
# theta[5]:
5.44118306837
# theta[6]:
0.353051143701
# theta[7]:
0.906416460681
# sel_par[1]:
 1.04833685540 -0.876158489483
# sel_par[2]:
 1.23386165543 -0.842131383666
# sel_par[3]:
 0.0282084537393 -3.84859127871
# sel_par[4]:
 0.720275847948 -2.99573227355
# sel_par[5]:
 0.720275847948 -2.99573227355
# log_ft_pars:
 -0.500813648305 -0.176858094418 -3.76783746203 -0.556080273782 -1.44318863417 0.287757404826 0.308266902037 -0.734616880536 -0.0521461391457 -1.89594764932 -0.0728660322542 -1.00977822978 0.0739847505148 0.228951580810 -0.102951715672 1.43365706202 0.296319005994 -2.09832788906 -4.63078733627 -2.10575276692 -4.37992664987 -6.97578241888 -4.71845815008 -6.27307450891 -8.70634931527 -7.58339271214 -6.94028156991 -7.57048486860 -6.25330265181 -1.06936004289 -1.49562399075 -2.19592603826 -2.45482450388 -1.83698809978 -2.15526109398 -1.49560437646 -8.53731893030 -5.48650860629 -3.51051194896 -3.43303446948 -2.52001434012 -2.56550939013 -2.77820897269 -2.53053819639 -2.43011831833 -1.97697553652 -2.00864164919 -1.46574740358 -1.54897291443 -1.62262733209 -1.31447081701 -1.09747689358 -1.57819991512 -1.92468847902 -1.36312204283 -1.77455723476 -1.62399929916 -1.55309475422 -2.02499584834 -2.40414627391 -2.16879718091 -1.74694578120 -1.63453547805 -3.31498149890 -4.52792332065 -2.89882335226 -1.21467727285 -1.41821299629 -1.20140021649 -1.23969018482 -0.429029284945 -3.06329879392 -1.80169687484 -2.31232556827 -2.54832309763 -2.20460086945 -2.63919552387 -3.16701117810 -3.32306930883 -3.11715096769 -1.84566776609 -2.02508152162 -2.54565804914 -2.74281795167 -2.09468611549 -2.17211137505 -2.42181566543 -3.47783889423 -3.32042230603 -2.41968260796 -1.57237889169 -2.60072302743 -3.27106215497 -3.36874732921 -3.65792703627
# init_log_rec_devs:
 1.11937543352 1.55726917617 0.392244616184 -0.877038684435 -0.697666874553 -0.524487285968 -0.382466148415 -0.587230231171
# log_rec_devs:
 -0.191121440874 -0.134006483182 1.27503821739 -0.410712729145 -0.233798905671 0.269549791596 0.324138647549 0.711160549477 -0.597604514136 0.376162690038 0.777685709927 0.493235650714 0.471572773891 -0.119965230159 -0.744965891441 1.75775444003 -0.526478107304 -0.656987312431 0.547451612598 0.348170755921 0.163372698853 0.222932345883 0.107726869291 0.258236377679 -0.508794096906 -0.772916439275 -0.459565121493 -0.530577039931 1.56222128238 0.413897353350 0.307529833790 -0.517272057287 -0.676236569220 0.217857174104 -0.350486052554 -0.0274828808438 1.22686787470 -0.786198748591 -1.28729381170 -0.348619320562 0.851439627073 -0.666369792534 -0.567493734771 -1.49401031377 -0.490183387929 0.616616425067 0.610549793808 -0.730271437577 -0.226393620347 -0.809972852007 -0.135784002753 0.647827864523 -0.191436573220 0.754362140306 -0.200697204840 0.351828412471 -0.546396066795 0.988261961382 -0.635661679569 -0.0776954529094
# log_m_nodes:
 -0.126716114939 -0.119331287469 -0.108577959005 -0.100513894366 -0.0932574979837 -0.0830271191269 -0.0638409579026 -0.0299722059572 0.0175238794076 0.0738731301255 0.128771868618 0.180849749022 0.218375914459 0.228620755612 0.208057787882 0.172073414759 0.0965586728938 -0.0151012364360 -0.128491232176 -0.197261882351 -0.219435575650 -0.177355990184 -0.0966980696602 -0.00222423789545 0.0765733416454 0.110238054863 0.0907440987074 0.0439477160354 0.0112650452001 0.00876780980981 0.0276820174103 0.0432502829836 0.0452792201533 0.0217213581722 -0.0181787893449 -0.0647043529060 -0.104711430030 -0.118223910215 -0.0998123400871 -0.0588810034114 -0.00406188265950 0.0427878993877 0.0589475444784 0.0412878774049 0.00792314461095 -0.0143551461141 -0.00908647916996 0.0267774959034 0.0738885819180 0.115465755973 0.149000838325 0.169379334037 0.177609864345 0.157738159413 0.109348618465 0.0409753782338 -0.0127940037379 -0.0292551287210 -0.000257349044287
