# Number of parameters = 189  Objective function value = -782.638  Maximum gradient component = 0.00976709
# theta[1]:
5.90663644367
# theta[2]:
0.827139690458
# theta[3]:
-0.941560357320
# theta[4]:
5.56190563260
# theta[5]:
5.39883497811
# theta[6]:
0.345649800534
# theta[7]:
0.888560064052
# sel_par[1]:
 1.04581365841 -0.876858937671
# sel_par[2]:
 1.18179109651 -0.968508546088
# sel_par[3]:
 -0.216836641135 -2.70042140231
# sel_par[4]:
 0.720275847948 -2.99573227355
# sel_par[5]:
 0.720275847948 -2.99573227355
# log_ft_pars:
 -0.514948651711 -0.193196710633 -3.78025508186 -0.557932445626 -1.43951072427 0.291761073091 0.314584417707 -0.728510026767 -0.0513881492607 -1.90326373983 -0.0897617160722 -1.03160058613 0.0541016552656 0.212323649905 -0.100575273076 1.43810884172 0.300594981398 -2.09093381090 -4.69025397160 -2.17189403079 -4.43530074198 -7.00020281110 -4.64538828707 -6.25820820343 -8.71346447902 -7.62841527529 -6.91555547291 -7.52080415951 -6.19542864703 -1.19270121362 -1.59236759017 -2.24835604604 -2.44732649271 -1.78317231565 -2.10915418708 -1.53737076377 -8.59856969383 -5.59955889071 -3.57994505789 -3.46000099449 -2.49153701215 -2.54363441108 -2.78653974113 -2.52409528349 -2.46533512658 -1.97771278170 -1.95573793475 -1.40987051085 -1.57231995105 -1.65210676657 -1.35760085515 -1.21892324802 -1.74124981805 -2.10865755500 -1.54283534074 -1.90025444789 -1.71690721807 -1.61851779556 -2.04147249873 -2.42386674696 -2.15719709002 -1.72767166814 -1.60438643224 -3.29361959129 -4.70350167121 -2.76998871281 -1.28686346733 -1.42948784152 -1.32667114933 -1.19793241652 -0.493961349741 -3.46273062989 -2.56302370238 -2.46505969370 -2.56989103759 -2.30187407950 -2.48843473975 -2.89130417847 -3.14120204192 -3.00362457895 -1.98384707083 -2.07006617283 -2.44130552254 -2.71035235899 -2.12601350859 -2.25247045542 -2.54333808786 -3.71360666529 -3.68084621295 -2.99144450393 -2.35087249063 -2.97638794874 -3.52303541406 -3.55657562664 -3.69420113422
# init_log_rec_devs:
 1.16133675153 1.58428651624 0.409240308469 -0.886260265815 -0.710759924956 -0.539197374182 -0.398290096570 -0.620355936166
# log_rec_devs:
 -0.115984186937 -0.0608340119967 1.33847801948 -0.364364646593 -0.194477971198 0.303098367426 0.350097248341 0.744685849732 -0.553880477045 0.436600403736 0.854201456980 0.579547585232 0.571080764914 -0.0390835316301 -0.704055482181 1.82153127505 -0.697824455087 -0.664296628002 0.551805180688 0.405432725489 0.266778060296 0.338221734289 0.109671908365 0.122275887048 -0.619205274820 -0.840465283067 -0.692244455210 -0.713073983540 1.43205677769 0.439211540945 0.423521589507 -0.395271549927 -0.564955020588 0.474918169805 -0.270893751718 -0.00574437539306 1.20644899912 -0.821152303437 -1.32157870818 -0.438055660084 0.841463144247 -0.697540833224 -0.520662038231 -1.74328950503 -0.738556935964 0.603703316663 0.608941621777 -0.694494047765 -0.119032639845 -0.852137784553 -0.125829572059 0.681446181017 -0.232273178024 0.682570314352 -0.293130230017 0.216638733264 -0.611471585260 0.872498713005 -0.666180282366 0.449950861344 -0.354836421197
# log_m_nodes:
 -0.114687956499 -0.0981268464698 0.198658997913 0.0514992838400 -0.180597196439 0.122820650000 0.0168785395320 -0.121385971772 0.0453870051324 0.0880933723874 0.128196292488 -0.146347489950
