# Number of parameters = 189  Objective function value = -790.285  Maximum gradient component = 0.000366959
# theta[1]:
5.70848935093
# theta[2]:
0.838451758055
# theta[3]:
-1.04359626608
# theta[4]:
5.33076369867
# theta[5]:
5.09269334597
# theta[6]:
0.353142031025
# theta[7]:
0.852339374900
# sel_par[1]:
 1.04637595974 -0.859955020412
# sel_par[2]:
 1.20582070069 -0.883428675111
# sel_par[3]:
 0.0290548933125 -3.83314700351
# sel_par[4]:
 0.720275847948 -2.99573227355
# sel_par[5]:
 0.720275847948 -2.99573227355
# log_ft_pars:
 -0.402661693829 -0.0210256328245 -3.59639556842 -0.417186439715 -1.33818434487 0.367499677918 0.422133908115 -0.625464711208 0.0471234736890 -1.80956654989 -0.00803471772671 -0.951264819541 0.123336032425 0.315477713848 0.0760147824779 1.61282857086 0.523566351232 -1.79290546670 -4.51747016357 -2.05188852075 -4.34034431228 -6.91229561991 -4.54281050532 -6.05622133847 -8.56694674709 -7.47545063973 -6.69068768248 -7.35215193569 -6.00375635802 -1.06920447296 -1.47575163230 -2.13551699194 -2.35519393093 -1.70609930997 -2.00448005198 -1.30827255767 -8.37594871619 -5.42512701312 -3.42082176845 -3.30148008386 -2.33634540370 -2.34777391855 -2.55411214532 -2.32109200153 -2.26594361221 -1.81693151838 -1.83436578943 -1.28030061828 -1.36108400148 -1.41269729626 -1.07888498209 -0.829338969601 -1.30489215236 -1.70526498605 -1.16594107475 -1.56578245712 -1.39995444955 -1.29852951878 -1.74219434518 -2.13212996545 -1.89665998147 -1.47841647381 -1.35560393878 -3.04850914659 -4.51121461725 -2.85548402531 -1.14067598123 -1.31168859373 -1.07776654496 -1.10306149598 -0.251812897389 -2.97329837737 -1.74569467383 -2.22577330327 -2.42313719202 -2.03126954529 -2.41671008894 -2.93357453217 -3.11038967090 -2.93933408893 -1.68654695936 -1.86210527735 -2.36881971406 -2.54842631250 -1.88484113950 -1.94600497422 -2.16929567554 -3.22095116768 -3.11339188634 -2.24420815051 -1.38106073051 -2.38989961930 -3.03152218508 -3.10042302792 -3.38033969079
# init_log_rec_devs:
 1.30771917446 1.70975344542 0.483187349374 -0.919027964759 -0.757617025631 -0.599092672225 -0.459933725597 -0.764988625238
# log_rec_devs:
 -0.0645081253656 -0.0688659523380 1.35186659262 -0.329060029465 -0.127121852239 0.406872169154 0.442420677062 0.828335044557 -0.485732649764 0.520922170600 0.949706729564 0.678741119648 0.656280161025 0.0125797452564 -0.711114276313 1.95539432639 -0.748902387349 -0.783045604634 0.519106261851 0.457726798155 0.354032116139 0.432298472749 0.260803063759 0.347285547566 -0.521111693808 -0.837397013143 -0.590545880246 -0.617674649019 1.55740996092 0.494969880700 0.433763090761 -0.394308915256 -0.600505396154 0.242313025819 -0.381675678338 -0.0836709374710 1.17103411694 -0.840444695490 -1.32432119508 -0.396116070686 0.786152460985 -0.771375967027 -0.706394689616 -1.71655944463 -0.725203577827 0.425449662484 0.457513430359 -0.850405427276 -0.325128471661 -0.935378308257 -0.254320752699 0.528969930194 -0.311725186575 0.622032484401 -0.341346015854 0.200358061828 -0.584663517240 0.898267929359 -0.655624555304 0.522038770681 -0.430394868063
# log_m_nodes:
 -0.211201778775 -0.0963955579185 0.244750658951 0.0602880749729 -0.163277352390 0.123112634378 -0.0133058691770 -0.113079051209 0.0162232802280 0.119969173895 0.149614064216 -0.133163328837
