# Number of parameters = 186  Objective function value = -760.988  Maximum gradient component = 0.000164470
# theta[1]:
6.34925984095
# theta[2]:
0.802735160452
# theta[3]:
-0.848783347748
# theta[4]:
5.95938040918
# theta[5]:
5.86791657151
# theta[6]:
0.304347800000
# theta[7]:
0.869565200000
# sel_par[1]:
 1.04910186506 -0.907829276661
# sel_par[2]:
 1.19232205523 -0.969692645682
# sel_par[3]:
 -0.211798522824 -2.74458152690
# sel_par[4]:
 0.720275847948 -2.99573227355
# sel_par[5]:
 0.720275847948 -2.99573227355
# log_ft_pars:
 -0.707998571095 -0.490069998105 -4.09586026013 -0.831114735089 -1.64239114222 0.137199657350 0.108074504928 -0.926762858775 -0.241940999470 -2.06935439529 -0.228546134712 -1.15990708559 -0.0489621677108 0.0846172496751 -0.265985483001 1.25944929338 0.0445253733836 -2.41054796551 -4.88587687978 -2.32387324936 -4.56745074115 -7.12971786617 -4.80152223892 -6.48388171957 -8.94219426825 -7.83422444385 -7.19607609779 -7.82866301797 -6.59375336385 -1.30878692906 -1.70280905179 -2.35986571499 -2.55947610766 -1.90365001282 -2.25235175455 -1.75035205902 -8.83407566706 -5.79823768760 -3.77711021614 -3.66490346549 -2.71491168207 -2.79168901059 -3.05625640156 -2.80313018881 -2.74694171405 -2.27614140345 -2.26847303727 -1.74947493318 -1.93532481717 -2.02751069214 -1.75081808924 -1.65520157550 -2.19172733009 -2.52863630702 -1.95694015012 -2.32186574631 -2.15255387753 -2.09044112684 -2.54217150573 -2.92326037507 -2.65303949483 -2.22088840378 -2.11180017672 -3.78640347599 -4.82730468156 -2.88831508354 -1.40740952593 -1.55042053037 -1.45254604146 -1.34021841984 -0.707905783275 -3.68490405425 -2.77802157656 -2.67421659350 -2.78005780689 -2.52755249062 -2.74035633548 -3.16689737038 -3.42363241853 -3.28923258573 -2.29608983513 -2.39941076171 -2.78847763570 -3.08263120952 -2.52386679066 -2.66902370720 -2.99345652019 -4.17527923051 -4.10949151226 -3.41524303599 -2.80013229924 -3.43964919467 -4.01356697105 -4.07627937778 -4.21894378383
# init_log_rec_devs:
 0.953373970599 1.40611126588 0.306328292792 -0.827729272216 -0.634621644550 -0.451649920766 -0.310647009972 -0.441165695899
# log_rec_devs:
 -0.209130967090 -0.0299753946197 1.38557351384 -0.366974780445 -0.250549551709 0.206865469761 0.275698493837 0.671544275897 -0.629270999414 0.326621108984 0.720539453637 0.421305359139 0.407138708441 -0.195936026093 -0.836802075508 1.60087705370 -0.674091003832 -0.675644041098 0.479945154976 0.265575254451 0.100624082437 0.168384441633 -0.0648995801035 -0.0500065368049 -0.774828789797 -0.962780512574 -0.764632932412 -0.793103400318 1.33396274035 0.330186255271 0.306550899298 -0.514967608479 -0.674323304949 0.389963326993 -0.331574939270 -0.0416541720169 1.19592148138 -0.792659501049 -1.26613797313 -0.347846976508 0.971007492387 -0.532494584218 -0.326744182633 -1.51865350125 -0.507966027281 0.817451514175 0.804561488432 -0.508849879413 0.0603714783846 -0.664327718317 0.0769528498841 0.891894841372 -0.0290607000717 0.909693285571 -0.0607512895063 0.453660488423 -0.528440543881 1.04112405521 -0.534722265495 -0.154192754786
# log_m_nodes:
 0.0174942424632 -0.0973836987384 0.131735669749 0.0504347510860 -0.173863801321 0.0860154665946 0.0387485749304 -0.0838008216030 0.0319326545576 0.0402364573758 0.142022921889 -0.0985702764580
