# Number of parameters = 115  Objective function value = -263.660  Maximum gradient component = 7.45169e-05
# theta[1]:
0.856021677536
# theta[2]:
0.827885195784
# theta[3]:
-1.47168442011
# theta[4]:
0.0747012143354
# theta[5]:
-0.207171312483
# theta[6]:
0.194452050308
# theta[7]:
0.682026811599
# sel_par[1]:
 1.67343401611 0.417413913359
# sel_par[2]:
 2.17527268870 1.24172538909
# log_ft_pars:
 -1.74700507537 -1.19420523688 -1.72218735489 -1.35284914654 -1.03297790674 -1.40472619475 -1.71658621487 -1.42634144171 -1.13025699598 -1.72160551194 -1.77831746724 -2.29299783713 -2.46365205644 -2.30920190064 -2.60075148315 -2.20227181869 -2.54997950643 -2.65336344086 -2.65853006930 -3.10409918331 -2.55451800603 -2.42556508824 -2.42319018296 -2.16096239781 -2.33739947298 -2.06185890730 -2.00719260889 -2.14471210969 -1.47907338877 -1.77808301207 -1.34800982808 -1.09751141863 -0.900601091576 -0.703467807446 -1.18410442463 -1.44035585591 -1.96786419274 -1.91980634847 -1.40986086475 -1.24563647630 -1.04523737594 -1.02442580265 -0.802923335799 -1.35569313528 -1.32967474910
# init_log_rec_devs:
 0.903256593963 0.652440258688 0.980885459331 -0.532496520100 -0.403747635670 -0.316533276809 -0.253932593576 -0.206293173011 -0.168358675005 -0.137415883840 -0.111953552377 -0.0909312832243 -0.0736057870371 -0.241314157602
# log_rec_devs:
 0.334507735597 0.578656886265 0.554145543528 0.264162232796 0.275093545738 1.00117122869 -0.117804767614 -0.262322907683 0.690772968652 -0.518955432165 -0.438623503665 -0.798933313685 1.21420927372 -1.34519467387 -0.691968060295 2.45224808214 -1.83737831008 -1.88494135631 -1.19971575689 2.25727401477 -1.41068088681 -0.897448249138 1.25874843627 0.652749131164 -0.396127541410 0.854771958785 -0.104982194283 -0.727731350550 0.524000037897 0.381381420308 0.102457371013 0.200458759997 -0.301149449573 0.359510017955 2.10506861713 -0.378513527158 -0.666256983104 -1.85502058451 0.0670758576892 -1.25062681342 1.11177593145 0.894613772956 -2.52622824024 1.53673530171 -0.0609815456633
# log_m_nodes:
 0.00000000000 0.00000000000 0.00000000000 0.00000000000 0.00000000000 0.00000000000 0.00000000000 0.00000000000 0.00000000000 0.00000000000 0.00000000000 0.00000000000
