# Number of parameters = 191  Objective function value = -806.472  Maximum gradient component = 8.69829e-05
# theta[1]:
6.33102397115
# theta[2]:
0.819451873993
# theta[3]:
-0.867701518670
# theta[4]:
6.02756583872
# theta[5]:
5.85578039172
# theta[6]:
0.351300496526
# theta[7]:
0.929911056515
# sel_par[1]:
 1.05742829935 -0.899297110353
# sel_par[2]:
 1.18760309480 -0.978268567106
# sel_par[3]:
 1.61349055219 -0.774646812133 0.280907848613
# sel_par[4]:
 0.720275847948 -2.99573227355
# sel_par[5]:
 0.720275847948 -2.99573227355
# sel_par[6]:
 0.720275847948 -2.99573227355
# sel_par[7]:
 0.720275847948 -2.99573227355
# log_ft_pars:
 -0.654694252008 -0.418751014266 -4.01950020489 -0.765866444405 -1.59762134153 0.178483134975 0.159402406837 -0.891548655374 -0.217860670925 -2.06012506811 -0.226250132147 -1.16105608249 -0.0565445157064 0.0727249230181 -0.297579211396 1.31461670343 0.190677490493 -2.29859034607 -4.83218760548 -2.28860409609 -4.56446159127 -7.14870849482 -4.83722928277 -6.52391739665 -9.00674289215 -7.86694322464 -7.21275698268 -7.90600403004 -6.69918107348 -1.29654077681 -1.72358027101 -2.38870157038 -2.59650293307 -1.94340202814 -2.29007178164 -1.78745010451 -8.90587098634 -5.86231499330 -3.81626841424 -3.68631623264 -2.73281389581 -2.81117680026 -3.07860083552 -2.86247731583 -2.84422899374 -2.38976547150 -2.39957977596 -1.90302497054 -2.07510116890 -2.14360369412 -1.88038306009 -1.81638586862 -2.38987884618 -2.72205133100 -2.14709355801 -2.52434301512 -2.35764892896 -2.27678456850 -2.69598511758 -3.02697174048 -2.72071706928 -2.28578681127 -2.18466186212 -3.87174846950 -4.42549193167 -2.61747638718 -1.02911550410 -1.24171303964 -1.20060643070 -1.16831145824 -0.491622165026 -3.54255378527 -2.42234654796 -2.61040641649 -2.91479481432 -2.55867085021 -2.81276785306 -3.23011675269 -3.47220315681 -3.40826665888 -2.28988483929 -2.52862313664 -3.06814517201 -3.26953430893 -2.71123961653 -2.97673507764 -3.37582284273 -4.50055383516 -4.45963544102 -3.76775632302 -3.17109524652 -3.90203208287 -4.43373661372 -4.43303607258 -4.56497646457 -2.09277108422
# init_log_rec_devs:
 0.929563158902 1.39855153827 0.298013564828 -0.823959991414 -0.626991058423 -0.444806825360 -0.304016527506 -0.426353861188
# log_rec_devs:
 -0.332219939721 -0.160559711495 1.25604248325 -0.469875851053 -0.348443825762 0.110149768595 0.186176129728 0.576698730907 -0.704831752122 0.255714975805 0.661625191330 0.374904066259 0.365482086164 -0.186568783577 -0.787585402606 1.47934265666 -0.403397940474 -0.722710022767 0.405881374792 0.242008687884 0.151229368171 0.209718298223 -0.0213641125852 0.00919310915921 -0.729745166784 -0.964519599291 -0.687423938679 -0.730106537185 1.40958131739 0.360220235799 0.290053932559 -0.550623818624 -0.704948660187 0.251256911037 -0.376150318985 -0.0470808618858 1.18222890096 -0.777210673405 -1.24655499559 -0.263052096215 0.969855101337 -0.496029780640 -0.316516245969 -1.42862221895 -0.445612562866 0.818575766852 0.867040642043 -0.486252926877 0.0656724541750 -0.671952694256 0.0883823511176 0.885500632992 -0.0229323190769 0.896560302053 -0.0672166719542 0.424708023207 -0.450201232725 1.00017026980 -0.546056784628 0.554815886848 -0.202422241049
# log_m_nodes:
 0.00916969597133 -0.0950121743847 0.156558173621 0.0258624978721 -0.154554899850 0.0955805514961 -0.00463659398267 -0.0597922196159 0.0211748392255 0.0760144716223 0.105701395879 -0.163867500108
