# Number of parameters = 158  Objective function value = -559.001  Maximum gradient component = 8.81442e-05
# theta[1]:
6.93571599626
# theta[2]:
0.556988777611
# theta[3]:
-0.521858404064
# theta[4]:
6.14723062983
# theta[5]:
5.77398679287
# theta[6]:
0.304347800000
# theta[7]:
0.869565200000
# sel_par[1]:
 1.01298872193 -1.30265581556
# sel_par[2]:
 1.08956763517 -1.09729889365
# sel_par[3]:
 1.55388991482 -0.789990474865
# sel_par[4]:
 0.717839793150 -2.99573227355
# sel_par[5]:
 0.717839793150 -2.99573227355
# log_ft_pars:
 -0.936659877228 -0.327843530584 -7.52904065696 -0.344907503448 -1.98451823426 -1.18386112542 -3.29552747446 -4.97229508861 0.00188518406631 0.421394701170 0.0923189755297 -0.531657224446 -0.626233578004 -0.596996581735 -0.680888045243 -0.566140597468 -0.0801272262232 -8.46096191361 -3.59270456647 -6.84857096895 -3.10796967056 -2.30812478270 -2.61995485489 -2.48089530345 -2.09020495715 -2.04229002691 -2.92282053159 -2.00585708997 -3.68265282602 -2.59363156688 -3.09361910531 -1.90693794942 -1.92342143569 -5.80655240265 -6.02833950198 -1.84959189473 -2.50328114586 -2.26537124856 -2.21008828993 -2.07853015759 -2.79037518836 -2.14979795617 -1.96349337523 -2.72116632558 -3.42636059737 -1.48634453478 -1.45661221341 -1.45534906056 -2.48984932349 -3.41039845399 -1.64385993095 -0.773553928329 -0.0645985497835 -3.90719720261 -3.00578837849 -2.41786535593 -1.74029474833 -1.87282310773 -1.34450775130 -1.68194406012 -2.82109761938 -2.44077501774 -2.30603799615 -2.48035906676 -3.27987793333 -2.80099654530 -3.38408218944 -2.47423539553 -3.20674979099 -2.73928051663 -3.80405639724 -3.44620990135 -1.80602737248 -2.23660022613 -2.40268098310 -2.75461442567 -1.77451156924 -1.93462882159 -0.675980408907
# init_log_rec_devs:
 0.568368663843 1.34361460671 -0.744538406494 -0.488433290951 -0.302854033394 -0.148601656697 -0.0912965420843 -0.136259330058
# log_rec_devs:
 0.178823956454 0.417316916159 0.876473380336 0.366778390563 0.756705078612 1.07021605160 0.804832456172 1.17597090621 0.734394523363 0.321360940428 1.06536624572 0.0977827587252 0.660563433184 -0.175676344549 -1.11874530419 0.0321272933004 -0.0398283633713 -0.105235234014 0.894464555373 1.39468177560 1.27572008953 1.27678383560 1.57318169759 1.86488774861 1.04591160037 0.634740475923 1.05924029689 -0.0902284019679 0.701608504779 0.346444290600 -0.261251946951 -0.606004945866 -0.0908662883371 0.788079525459 0.872878963274 -0.0916872402211 1.43638614898 -0.133886575956 -0.0160565267472 -0.477465981900 0.414110103294 -0.0930291233645 -0.448872869360 -1.26205128615 -0.969174810297 0.371962783815 -0.818646333691 -1.57032872855 -1.54889289761 -1.17591603450 -0.855265031149 -0.850209856986 -1.71092272666 -1.66024995225 -2.12478298059 -1.45763044031 -1.90920487823 -0.899935492724 -1.47680437182 -0.470943631778
# log_m_nodes:
 0.00000000000 0.00000000000 0.00000000000 0.00000000000 0.00000000000 0.00000000000 0.00000000000 0.00000000000 0.00000000000 0.00000000000 0.00000000000 0.00000000000
