# Number of parameters = 143  Objective function value = -195.458  Maximum gradient component = 0.000120587
# theta[1]:
6.80207844588
# theta[2]:
0.691672314626
# theta[3]:
-0.409956490126
# theta[4]:
6.37771336926
# theta[5]:
5.72542649878
# theta[6]:
0.304347800000
# theta[7]:
0.869565200000
# sel_par[1]:
 1.24192685604 -0.684185900943
# sel_par[2]:
 1.33040540634 -0.575546895891
# sel_par[3]:
 -0.224646797350 -2.55053919855
# sel_par[4]:
 0.720275847948 -2.99573227355
# sel_par[5]:
 0.720275847948 -2.99573227355
# log_ft_pars:
 -2.43879992846 -1.09185321058 -3.92503672019 -4.60175279103 0.230602517081 0.508420367546 0.118470911870 -1.00406670174 -4.04229714223 -1.79069777523 -1.01907671955 0.0661539502797 1.20086167240 -1.34300727871 -4.00722512810 -5.14784987955 -6.28454056275 -4.54984583559 -5.97255485242 -7.62108356482 -7.03807325220 -3.08104767375 -2.58060128392 -3.08738564700 -2.85455809902 -2.43689736215 -2.26957118041 -2.17701961546 -2.79141302272 -4.14628884870 -3.97247098326 -4.40419426542 -3.37535939024 -3.24753512126 -3.03947533865 -3.42726733917 -3.33904066217 -7.50802568178 -3.78320826663 -2.38306550820 -2.44183320887 -2.64235820274 -2.39738780817 -4.23873257324 -2.79274510504 -2.32923561347 -2.44054974976 -3.11196254331 -6.32117514431 -6.56000164475 -3.83457877911 -3.86985729045 -3.01885464880 -3.09493265808 -3.61457182968 -3.81285752340 -4.32467955525 -4.70346761240 -4.98032606285 -3.70093063219 -4.04383033534 -3.20522738302 -3.88633257443 -2.75425893050
# init_log_rec_devs:
 0.356006066626 0.914129195649 -0.0758003022639 0.317161256010 -0.618569076776 -0.397378637611 -0.241837052941 -0.253711461779
# log_rec_devs:
 -0.251415478029 0.621542410659 2.09727883658 -0.0228681046002 -0.212788252027 -0.330192375545 -0.367475429635 0.812614930227 -0.639977319374 0.560135279430 0.562343948452 0.330595580344 -0.515380406343 0.151314111256 -0.238173810334 -1.30479612619 -0.975233522416 -0.290737823168 0.174933683206 0.844003128087 1.09665492163 1.48906365489 1.40479348443 1.49393047081 0.548664290433 0.583246614347 0.948667597497 0.195290088755 2.79955037294 0.852301043509 -0.151103862926 -0.452253796015 1.32273086759 0.740075487672 -0.801255820608 -0.529957636004 1.24106050052 0.507126033114 -0.356783691349 -1.04219421708 0.400508988969 -1.94694671769 -2.34013697680 -1.27389896975 -0.294555396501 -0.338657355984 0.571326854440 -2.04071996085 -0.885801961011 -0.845969667217 -0.758886995888 0.199831107634 -1.21382542948 0.0162187370787 -0.979476291183 0.358941839067 -0.995441660215 0.605707253689 -0.701906599768 -0.431640511135
# log_m_nodes:
 0.00000000000 0.00000000000 0.00000000000 0.00000000000 0.00000000000 0.00000000000 0.00000000000 0.00000000000 0.00000000000 0.00000000000 0.00000000000 0.00000000000
