# Number of parameters = 234  Objective function value = -271.144  Maximum gradient component = 0.000745191
# theta[1]:
11.4763684552
# theta[2]:
0.231320636334
# theta[3]:
-0.629816895693
# theta[4]:
10.2987056905
# theta[5]:
1.18303306900
# theta[6]:
0.895166074261
# theta[7]:
14.9999999377
# sel_par[1]:
 1.09861228867 -1.38629436112
# log_ft_pars:
 -5.93904483680 -6.22261552520 -6.53322292598 -6.37382610365 -5.38945146999 -5.75650316867 -5.87655674753 -5.85867434506 -5.85728592615 -5.25700071883 -5.22330618086 -5.19961629894 -5.30691525758 -5.21210032046 -5.08203795815 -4.90479145512 -4.98728440080 -4.92172611401 -4.87011468004 -5.03575196623 -5.27171012452 -5.09454187166 -4.26664051279 -4.21588157223 -4.16922808822 -3.77403839707 -3.74327515415 -3.80202097196 -3.71129690397 -2.90889292240 -2.79999941868 -3.55601441325 -3.67212249382 -3.75097274523 -3.69476661346 -3.37086701632 -3.64406437965 -3.37853941141 -2.81054106635 -2.76874167880 -2.74381038927 -2.70817718644 -2.58124478913 -2.79677234520 -2.76457132249 -2.56574956292 -2.26299605104 -2.09082710455 -2.47728451747 -2.44119501838 -2.35342197810 -2.46266148986 -2.48562759119 -2.43772435041 -2.29663577002 -1.62235038321 -1.62347181093 -1.70089603660 -2.69170162753 -2.04504325912 -1.86581302908 -2.10520600102 -2.40288404623 -2.24668304821 -2.46771984674 -2.19710833179 -2.33081675762 -2.07957882029 -2.01297971598 -1.99376735456 -1.93291688658 -1.91401858651 -1.97282282381 -1.86290196332 -2.08447188513 -2.12229514750 -2.17225669893 -2.15083738824 -2.12693783853 -2.10242247795 -2.06363545404 -1.95133794102 -2.18096667810 -2.31682428062 -2.60762829274 -2.58359515158 -2.59796858401 -2.65437144525 -2.41847179721 -2.21882433625 -2.06639551477 -2.13778553083 -1.91683016743 -1.67414778685 -1.82282589483 -1.67564836275 -2.18174840795 -2.18461046623 -2.38193130874 -2.29030041702 -2.50385781877 -3.09118236788 -3.72741002620 -4.35720453360 -4.30131270750 -4.47094855604 -4.83057833125 -4.77074097588 -4.69009758169 -4.47299496942 -4.33771996034 -4.54471833635 -4.35758145648
# init_log_rec_devs:
 0.00000000000 0.00000000000 0.00000000000 0.00000000000 0.00000000000 0.00000000000 0.00000000000 0.00000000000 0.00000000000 0.00000000000 0.00000000000 0.00000000000 0.00000000000 0.00000000000
# log_rec_devs:
 0.00000000000 1.17760676310 1.17636368106 1.17456613462 1.17374130916 1.17319779175 1.17110538558 1.16864954775 1.16741200141 1.16644511050 1.16531210734 1.16294276314 1.15975793290 1.15699101956 1.15485244806 1.15280468940 1.15012476723 1.14667294936 1.14337295437 1.14048497792 1.13738399711 1.13478735725 1.13337558881 1.13185227258 1.12589376210 1.11702865392 1.10935065604 1.09922139649 1.08676319562 1.07617711840 1.06622191867 1.04120767148 1.00347512780 0.986033641229 0.986529906457 0.983912876680 0.975605107288 0.960652829518 0.948123872043 0.937560764370 0.911299738260 0.875648946994 0.844722382303 0.816980909601 0.785117865336 0.757507495493 0.736061429077 0.705618632931 0.655761043405 0.590269893918 0.547950474428 0.526130405035 0.492264539708 0.454665041962 0.423136841926 0.391793585975 0.351485586437 0.256323181340 0.133724938049 0.0469945176913 0.0396941989639 0.0299949064640 -0.0497515935902 -0.121234420135 -0.144347239738 -0.162487807598 -0.190693823959 -0.230483519277 -0.272289709297 -0.316954933398 -0.375406744858 -0.433302867115 -0.491536804214 -0.551736144569 -0.606941854471 -0.666969413744 -0.717254821192 -0.751352402058 -0.786095351211 -0.826125808190 -0.871132284879 -0.916387044251 -0.962931650762 -1.01840761707 -1.06206551740 -1.08356095856 -1.09143369897 -1.09991450446 -1.11756194996 -1.13412476082 -1.15733122401 -1.19713098003 -1.24954215065 -1.29601987651 -1.34804404117 -1.43293499254 -1.51296153326 -1.58406606111 -1.62258255908 -1.63585316031 -1.65642525882 -1.68458847213 -1.70900098112 -1.70251283217 -1.67384787461 -1.64304485565 -1.61979916338 -1.60046920393 -1.57739544687 -1.55212270976 -1.52832903009 -1.50697501498 -1.48729069351 -1.46595118853
# log_m_nodes:
 0.00000000000 0.00000000000 0.00000000000 0.00000000000 0.00000000000 0.00000000000 0.00000000000 0.00000000000 0.00000000000 0.00000000000 0.00000000000 0.00000000000
