# Number of parameters = 170  Objective function value = -714.458  Maximum gradient component = 0.00242775
# theta[1]:
6.75720899597
# theta[2]:
0.767343245689
# theta[3]:
-0.507476983456
# theta[4]:
6.34548226347
# theta[5]:
5.95324879014
# theta[6]:
0.304347800000
# theta[7]:
0.869565200000
# sel_par[1]:
 1.01352844181 -1.30283345968
# sel_par[2]:
 1.10847214740 -1.10738990584
# sel_par[3]:
 -0.217372171499 -2.82067562108
# sel_par[4]:
 0.717839793150 -2.99573227355
# sel_par[5]:
 0.717839793150 -2.99573227355
# log_ft_pars:
 -0.881974047561 -0.242885308909 -7.41958211177 -0.206630341556 -1.77880119635 -0.948665390115 -3.06260374140 -4.81473035842 0.105619906920 0.505409674409 0.156476273240 -0.522687389693 -0.673993920631 -0.667924334757 -0.666375060826 -0.291301448359 0.261130810427 -8.02812850794 -3.32529214962 -6.77978319061 -2.23590620199 -1.43157349485 -1.79068481455 -1.75401674181 -1.49804365218 -1.58698782774 -2.63955087999 -1.91794050608 -3.75549659342 -2.77258178569 -3.29685161452 -2.05656952461 -1.97241412928 -5.75523398538 -5.91509685161 -1.69433820515 -2.33300729347 -2.17410112976 -2.19790443222 -2.18813007636 -3.04487012313 -2.56168673623 -2.53514173557 -3.42371279368 -4.17343079702 -2.31646315286 -2.42469548784 -2.54291863962 -3.61055622814 -4.36364183537 -2.58600376114 -1.74651724244 -1.29391574630 -3.30416039931 -2.41089684874 -1.95487152466 -1.36738902519 -1.50324731122 -1.10244983020 -1.68233606960 -2.89908218557 -2.66110754117 -2.49073276578 -2.56218889043 -3.24574663679 -2.59034671992 -3.06824898105 -2.36536337655 -3.05581825246 -2.75839394751 -3.97435342088 -3.92722700080 -2.64343309606 -3.06400449584 -3.29112773362 -3.35475759623 -2.23291542513 -2.38019101680 -1.37590292576
# init_log_rec_devs:
 0.410053456677 1.24114699783 -0.679014418702 -0.429538353332 -0.254329808297 -0.128057592419 -0.0717229298442 -0.0885371736876
# log_rec_devs:
 -0.0336945743599 0.187069849295 0.659400675923 0.0563410490999 0.375925687360 0.615797606248 0.358213233351 0.779609174334 0.363409039111 -0.0467675913864 0.754658247122 -0.0866311892529 0.585871237535 -0.196459132237 -1.29326496785 0.0659304583752 0.187579819617 -0.365284349682 0.303925130223 0.497284916029 0.116869560723 -0.0503053451030 0.0899934578208 0.431410960154 -0.326115198667 -0.557521482460 0.0986046098505 -0.751049846787 0.320276202239 0.264041325187 -0.178513844533 -0.452329409889 0.0457595175363 0.849693387035 0.816405429410 -0.312434290585 1.17720476976 -0.466291969609 -0.319726389235 -0.733008058264 0.340365466189 -0.0788445245684 -0.173557933871 -0.841202570568 -0.395756932865 1.12536312465 0.143008211497 -0.429351447190 -0.292443886764 0.119088741002 0.460053195015 0.515434581760 -0.250097492253 -0.119086515365 -0.467155119943 -0.0570991703507 -0.973355110978 -0.385713626880 -1.41499631085 -0.656530283104
# log_m_nodes:
 0.0293772485015 -0.0715246502696 0.102940114100 -0.00201878933257 -0.249921322236 0.211732575452 0.0140487899746 -0.0808798923397 0.0843450605282 0.0463859616860 0.0599156038716 -0.153273456593
