# Number of parameters = 158  Objective function value = -322.133  Maximum gradient component = 0.000507881
# theta[1]:
5.95762968063
# theta[2]:
0.809472415545
# theta[3]:
-1.22684092472
# theta[4]:
5.54673762210
# theta[5]:
4.48853693786
# theta[6]:
0.353619739405
# theta[7]:
0.808107731206
# sel_par[1]:
 1.41368381516 -0.164589761728
# sel_par[2]:
 1.29447609657 -0.585548842105
# sel_par[3]:
 -0.229464462992 -2.65667520505
# sel_par[4]:
 0.720275847948 -2.99573227355
# sel_par[5]:
 0.720275847948 -2.99573227355
# log_ft_pars:
 -1.30840037867 0.0681061179213 -2.96438318196 -3.90508150451 0.614966291900 1.07329681294 0.823375367076 -0.0287865596121 -3.44750566939 -1.32428423461 -0.624191469094 0.487566903551 2.06644745020 -0.184916984113 -2.79481296454 -3.99575204343 -4.93934029185 -3.14222772705 -4.94556119266 -6.86437407480 -6.38806868234 -1.92007847771 -1.36421407746 -1.97315477433 -1.88751057395 -1.58710788971 -1.55687292626 -1.60959779534 -2.17656938893 -3.34876041637 -3.01324889920 -3.50306340240 -2.62182393559 -2.65174841795 -2.54604074918 -3.00510585767 -2.99973414033 -7.21393012496 -3.48180597002 -2.09303215023 -2.18311272378 -2.43103508520 -2.18711276909 -4.01734152906 -2.69208365775 -2.09951707044 -2.00837283616 -2.52747466685 -5.39627500789 -5.78865774543 -3.18394898812 -3.34149211361 -2.63606990889 -2.89442636580 -3.49925589584 -3.41644291152 -3.75274277779 -4.11199640736 -4.47730453548 -3.36596933680 -3.80273855823 -3.21955429573 -3.83049796126 -2.63378050657
# init_log_rec_devs:
 0.301349579976 0.879202029501 0.0636361633158 -0.517363815865 -0.288371471207 -0.188040081324 -0.110693257406 -0.139719120785
# log_rec_devs:
 -0.999940331535 -0.398465091768 1.54794273977 -0.360494193161 -0.394520641213 -0.189535078995 -0.331134577998 0.667747838545 -0.603365071983 0.887575883621 0.915970240407 1.57677251736 -0.201724361052 -0.0899162724517 1.02457126038 -0.971051316208 -1.10426271673 -0.267039222820 -0.135197963927 0.346578976872 0.0369011275928 0.719581942969 0.425381003361 0.338545444592 -0.394620698828 -0.239033008208 0.271349791640 -0.757390010468 1.39508748492 -0.287010256100 -1.16623249191 -0.229846454207 0.935070606815 0.430857749855 -0.832550291911 -0.669067198617 1.11326847491 0.365584622372 -0.204337159715 -0.649317773887 0.628999612251 -1.76717592032 -1.59926859458 -0.861467025907 0.444157017921 0.485328159820 1.44168317172 -0.790303852087 7.43571544746e-05 0.235813634877 0.244448509771 0.990129187672 -0.232106687791 0.551814279748 -0.696141608210 0.549061899236 -0.962448283865 0.590880197667 -1.32762343648 -0.207012103437 0.758422032142
# log_m_nodes:
 -0.0624727260970 0.134797705153 0.0884623866105 -0.0488189938725 -0.184356689505 0.100237911423 0.0299194149982 0.0396134507914 0.0556187521171 0.0541179789286 -0.0830270517201 0.0327633581593
