# Number of parameters = 158  Objective function value = -292.682  Maximum gradient component = 1.80685e-05
# theta[1]:
5.72630023206
# theta[2]:
0.807861647144
# theta[3]:
-1.20353439622
# theta[4]:
5.31725824736
# theta[5]:
4.87264342997
# theta[6]:
0.372879408805
# theta[7]:
0.841162175452
# sel_par[1]:
 0.514867798665 -4.81254720053
# sel_par[2]:
 1.27989738441 -0.598541366014
# sel_par[3]:
 -0.228179805486 -2.67590982362
# sel_par[4]:
 0.720275847948 -2.99573227355
# sel_par[5]:
 0.720275847948 -2.99573227355
# log_ft_pars:
 -2.19361362213 -0.653901234622 -3.50513511434 -4.11977984759 0.444884700331 0.330746696136 -0.348860414721 -0.841798346785 -4.14094211818 -2.02642956441 -1.21735340066 -0.0752659597512 0.481724993536 -1.22121707808 -3.58187394964 -4.84627193856 -5.77879187547 -4.02624369472 -5.12604529918 -7.06980860611 -6.71971471574 -1.87653125508 -1.32602200705 -1.93206017521 -1.84330840161 -1.53638701610 -1.49470491101 -1.53312951022 -2.08246668712 -3.25217567392 -2.91737393484 -3.40599972676 -2.53364509431 -2.57568152332 -2.47458987607 -2.93102608160 -2.92579325283 -7.14733690867 -3.41311513176 -2.01390934850 -2.09314002500 -2.33954007013 -2.09071903636 -3.91467960780 -2.60623241209 -2.00108879925 -1.89528365185 -2.42098346188 -5.35797882306 -5.74922657566 -3.13932326572 -3.28680502488 -2.56599375586 -2.80917468620 -3.40890978103 -3.32799432619 -3.66726958683 -4.03192673597 -4.40545003297 -3.30200581036 -3.74096217067 -3.15957360689 -3.75502099396 -2.56013083275
# init_log_rec_devs:
 -0.189529646318 0.676664351596 0.221643426200 -0.228303675063 -0.131014862588 -0.141989849403 -0.0826050850847 -0.124864652768
# log_rec_devs:
 -1.33153725776 -1.46321830742 1.08650254419 -0.133478448375 0.137072235105 0.231479092811 -0.0939881361567 0.444882213705 -0.680882451458 0.0859532662527 0.282835857350 0.759982646006 -0.350961387904 -0.495541893079 1.02645366475 -0.828770272006 -1.01071566271 -0.403542015343 -0.139602354767 0.397906285922 0.133918609829 0.840544709544 0.545231452482 0.464707071037 -0.265424364122 -0.120969178317 0.358549992224 -0.670355221712 1.45994398469 -0.205248024343 -1.04210396886 -0.157524440043 1.02170335813 0.518752025063 -0.736871229665 -0.569947747981 1.19777210595 0.464602272268 -0.109556102743 -0.550603499689 0.710057294282 -1.66465728904 -1.51288554700 -0.781719607712 0.521126309647 0.563151030257 1.51230100640 -0.714178595591 0.0542764466305 0.277174390899 0.292221605534 1.03606719821 -0.172154695020 0.617847970457 -0.624079591167 0.619338962833 -0.886247056714 0.664230898096 -1.25783208967 -0.101912926381 0.749922896759
# log_m_nodes:
 -0.253840811815 0.0269980694095 0.247272947593 -0.00414430379086 -0.182277501238 0.100211153408 0.0348319233421 0.0410419607734 0.0564919403809 0.0533687627826 -0.0814697579721 0.0253018677805
