"2" "3" "4" "5" "6" "7" "8" "9" "10"
"1951" 41.7 89.7 112.6 137.6 158.6 170.6 200.1 186.5 0
"1952" 43.2 89.6 113.3 138.5 159.9 175.6 167.7 178 0
"1953" 32.9 76.3 95.8 125.5 149.8 159.9 133.5 0 0
"1954" 44.7 84.7 103.6 127.8 157.1 172.1 175.1 186 0
"1955" 49.9 89.3 104.3 126.2 144.8 173.8 0 0 0
"1956" 47.1 84.5 106 120.5 141 158.7 178.5 173.3 186.5
"1957" 48.1 82.8 108.9 137.1 150.6 164 210 0 0
"1958" 43.8 76.3 108.1 142.1 153.5 164.7 176.2 188.5 0
"1959" 50.2 83.6 99.3 131.4 159.6 167.7 152.3 158 0
"1960" 53 90.2 112.5 127.9 159.7 129 177 0 0
"1961" 57.6 78.6 111.1 117 137.2 165 0 0 0
"1962" 50.1 88 99.3 136.6 144.9 153 202 0 0
"1963" 47.7 83.2 104.9 111.6 149.4 177.8 179 0 0
"1964" 57.6 99.3 115.9 137.8 158.6 185 140 0 0
"1965" 61.1 105.1 122.4 145.1 145.2 177 144 0 0
"1966" 52 106.7 148.7 168.1 178.3 188.8 0 0 0
"1967" 0 0 0 0 0 0 0 0 0
"1968" 0 0 0 0 0 0 0 0 0
"1969" 0 0 0 0 0 0 0 0 0
"1970" 0 0 0 0 0 0 0 0 0
"1971" 55.3 105.6 131.9 153.7 174.2 189.5 169 0 0
"1972" 58.6 89.7 129 147.8 167.1 177.8 197.3 185 0
"1973" 52.5 99.3 127.4 158.8 174.9 192.8 197.7 201 0
"1974" 63 87.7 139.2 165.3 209.3 0 242 0 0
"1975" 42.1 82.8 111.5 142.3 169.4 193.4 199.5 212.2 0
"1976" 49.8 84.9 123.4 145.5 174.3 191.4 203.3 224.8 213.3
"1977" 57.1 88.8 117.3 138.9 161.6 191 201 202.7 241.8
"1978" 50.1 85.3 109.9 132.1 151.3 167.2 168.3 199.9 209.5
"1979" 59.7 84.8 117.8 140.5 160.4 175.4 199 205.1 217.4
"1980" 52.2 78 108.3 135.2 158.4 171.8 183.1 198.4 217.2
"1981" 60.2 85.7 108.5 134.8 156.1 170.6 187.3 180.2 202.2
"1982" 63.5 94.5 115.3 129.2 153.1 161.8 169.6 168.8 195
"1983" 57.6 89.8 117.4 134.9 143.1 158 170.7 185.1 194.1
"1984" 62.4 88.1 114.6 138.8 156.9 159 166.6 176.2 201
"1985" 64.7 86.7 114.1 134.5 156.4 170.3 186.9 192.6 232
"1986" 67 89.5 110.8 132.4 149.5 170 197.1 195.4 0
"1987" 62.8 87.4 105.6 122.6 136.6 152.2 166 155 182.3
"1988" 60.9 90 113.8 130.2 142.3 154.7 164.2 200.6 0
"1989" 64.4 84.1 106.8 127.3 139 147.4 156.1 158 182
"1990" 60.4 85.1 106 128.3 146.8 157.2 160.9 145.3 226
"1991" 64.2 89.4 110.1 128 142.6 155.3 163.4 150.8 185
"1992" 59.8 90.5 111.8 131.9 149.4 159.2 173.8 173.9 0
"1993" 57.9 92.2 111.8 128.6 141.1 152.9 156.5 160 147.5
"1994" 52.2 80.9 104.7 120.7 135 140.5 151.2 160.9 0
"1995" 61.2 85.6 110.6 131.4 144.6 161.7 163.1 179.1 175.3
"1996" 61.9 82.9 106.1 126.4 145.7 155.7 171.9 169.4 183
"1997" 49.7 82.6 101.7 119.7 136.8 146.3 154.1 167 181.7
"1998" 50.4 72.5 93.9 108.6 119.4 133.1 143.8 155.9 148.5
"1999" 46 79.5 99.1 113.4 125.5 134.1 143.4 150.8 139
"2000" 52.3 72.4 94.8 111 129.1 138.7 153 159.9 163
"2001" 62.2 85.3 99 119.7 133.2 148.3 155.2 145.4 144
"2002" 49.4 79.3 95.9 107.6 125.4 132.4 141.3 164 59
"2003" 51.8 77.2 93 105 111.3 128.2 140.1 128 0
"2004" 49.8 72.9 88.8 99.3 109.1 112.5 124.1 121.9 132
"2005" 47.6 74.1 91 106.4 117.5 125.7 130.5 121.5 137.3
"2006" 48.3 71.4 88.2 102.3 111.3 120.8 127.9 139.4 178
"2007" 62 75.3 83.1 99.4 115.4 123 130.1 143.2 134
"2008" 25.7 65.8 85.8 93.6 103 110.5 115.5 133.1 135
"2009" 45.3 64.4 68.8 103.3 115.6 125.1 134.7 154.2 178
"2010" 43.5 58 79 85 111.8 118.9 115.8 111.9 141.3
