#NB The data herein were taken from sog2010_final.dat for the HCAM model.
## ________________________
## ____Model Dimensions____
1951		#first year of data
2011		#last year of data
2			#age of youngest age class
10			#age of plus group
5			#number of gears (ngear)
## flags for fishery (1) or survey (0) in ngears
#1	1	1	0	0
0.0686819 0.4137555 0.5175626 0.0000000 0.0000000
## ________________________
##
## ________________________
#Age-schedule and population parameters
#natural mortality rate (m)
0.334
#growth parameters (linf,k,to)  (from fishbase)
27.0, 0.48, 0
#length-weight allometry (a,b)
4.5e-6, 3.1270
#maturity at age (am=log(3)/k) & gm=std for logistic
2.055, 0.05
## ________________________
##
#Time series data
#Observed catch (1951-2010, 1000s metric t)
#yr		p1	p2	p3	 survey
1951 43.798  0.000  0.000  0  0
1952 45.846  0.000  0.000  0  0
1953  8.412  0.000  0.000  0  0
1954 65.767  0.000  0.000  0  0
1955 68.641  0.000  0.000  0  0
1956 72.062  0.000  0.000  0  0
1957 59.608  0.000  0.000  0  0
1958 20.628  0.000  0.000  0  0
1959 49.644  0.000  0.381  0  0
1960 68.037  0.000  0.000  0  0
1961 46.215  0.000  0.000  0  0
1962 65.303  0.000  0.000  0  0
1963 68.847  0.000  0.000  0  0
1964 76.881  0.000  0.000  0  0
1965 47.819  0.000  0.000  0  0
1966 33.333  0.000  0.000  0  0
1967 31.043  0.000  0.000  0  0
1968  1.891  0.000  0.000  0  0
1969  0.194  0.000  0.000  0  0
1970  0.221  0.000  0.022  0  0
1971  1.610  0.000  0.084  0  0
1972  2.434  5.921  0.456  0  0
1973  3.980  1.604  2.064  0  0
1974  0.479  0.425  3.095  0  0
1975  0.378  0.469  5.331  0  0
1976  5.061  0.202  6.975  0  0
1977  5.676  4.098  7.736  0  0
1978 12.963  3.723  7.316  0  0
1979 13.513  0.000  6.825  0  0
1980  2.470  0.169  3.180  0  0
1981  4.904  2.081  5.067  0  0
1982  3.937  3.312  5.583  0  0
1983  0.824  7.780  8.613  0  0
1984  0.087  4.126  6.039  0  0
1985  0.772  2.726  3.495  0  0
1986  0.432  0.162  0.000  0  0
1987  0.244  3.111  5.998  0  0
1988  0.756  1.471  5.988  0  0
1989  1.033  1.417  5.919  0  0
1990  0.233  0.000  7.886  0  0
1991  0.562  1.131  9.410  0  0
1992  0.939  3.610  8.870  0  0
1993  0.617  4.391  8.733  0  0
1994  0.942  5.134 11.572  0  0
1995  0.641  4.359  8.190  0  0
1996  0.541  7.338  6.233  0  0
1997  0.402  9.274  6.148  0  0
1998  0.954  5.755  6.895  0  0
1999  1.471  4.976  6.837  0  0
2000  1.156  6.455  7.593  0  0
2001  1.424  7.274  7.682  0  0
2002  1.328  9.299  7.986  0  0
2003  1.696 10.670  8.010  0  0
2004  1.356  7.019  5.226  0  0
2005  1.332  7.928  8.954  0  0
2006  1.371  9.308  7.277  0  0
2007  0.672  3.865  5.285  0  0
2008  1.139  2.752  6.046  0  0
2009  0.709  5.685  3.937  0  0
2010  0.595  4.540  3.244  0  0
2011  0.713  0.000  4.415  0  0
#Relative Abundance index from fisheries independent survey (it) 1970-2008
#nit
#61
2
#nit_nobs
37		24
#survey type
## 1 = survey is proportional to vulnerable numbers
## 2 = survey is proportional to vulnerable biomass
## 3 = survey is proportional to spawning biomass (e.g., herring spawn survey)
3	3
#iyr     it gear wt		survey timing
 1951  66.143  4  1  1
 1952  72.376  4  1  1
 1953 111.307  4  1  1
 1954  82.141  4  1  1
 1955  69.854  4  1  1
 1956  25.667  4  1  1
 1957  24.126  4  1  1
 1958  16.911  4  1  1
 1959  47.864  4  1  1
 1960  55.709  4  1  1
 1961  44.326  4  1  1
 1962  35.574  4  1  1
 1963  37.381  4  1  1
 1964  35.954  4  1  1
 1965  38.390  4  1  1
 1966   7.211  4  1  1
 1967   9.647  4  1  1
 1968   9.442  4  1  1
 1969  14.039  4  1  1
 1970  34.163  4  1  1
 1971  38.921  4  1  1
 1972  25.139  4  1  1
 1973  16.191  4  1  1
 1974  40.571  4  1  1
 1975  70.211  4  1  1
 1976  60.642  4  1  1
 1977  78.562  4  1  1
 1978 102.115  4  1  1
 1979  64.266  4  1  1
 1980  85.991  4  1  1
 1981  55.121  4  1  1
 1982 100.987  4  1  1
 1983  64.575  4  1  1
 1984  26.227  4  1  1
 1985  25.247  4  1  1
 1986  41.575  4  1  1
 1987  41.737  4  1  1
 1988  24.976  5  1.1666  1
 1989  66.052  5  1.1666  1
 1990  67.152  5  1.1666  1
 1991  45.830  5  1.1666  1
 1992  82.714  5  1.1666  1
 1993  90.198  5  1.1666  1
 1994  67.144  5  1.1666  1
 1995  64.899  5  1.1666  1
 1996  71.326  5  1.1666  1
 1997  58.232  5  1.1666  1
 1998  74.616  5  1.1666  1
 1999  85.095  5  1.1666  1
 2000  72.688  5  1.1666  1
 2001 100.248  5  1.1666  1
 2002 117.864  5  1.1666  1
 2003 141.651  5  1.1666  1
 2004 114.352  5  1.1666  1
 2005  95.643  5  1.1666  1
 2006  46.752  5  1.1666  1
 2007  35.865  5  1.1666  1
 2008  32.103  5  1.1666  1
 2009  49.909  5  1.1666  1
 2010  47.480  5  1.1666  1
 2011  79.070  5  1.1666  1
#Age composition data by year, gear (ages 2-15+)
#na_gears
3
#na_nobs
55	40	39
#a_sage
2	2	2
#a_page
10	10	10
##
#yr gear   		V2   V3   V4   V5  V6  V7  V8 V9 V10  #Number aged.
1951    1  326 4413 2371  556  110  27   8   2  0
1952    1 1008 4997 2262  608  119  24   6   1  0
1953    1  900 6177 3380  447  119  18   6   0  0
1954    1  200 6011 4845 1520  432 124  27   3  0
1955    1  233 2562 2065  355   57   6   0   0  0
1956    1  704 3798 3502 2801  627 106  28   6  3
1957    1   98 4344 1639  782  374  44   5   1  2
1958    1  564 3278 1171  278  244 177  25   4  0
1959    1 1533 5878 1460  223   48  21  11   2  0
1960    1  398 2049 1391  127   15   4   3   0  0
1961    1 1425 1395 1153  607  166  16   2   0  0
1962    1  270 2019  363  116   45  10   1   0  0
1963    1  364 1290  660   94   24   9   2   0  0
1964    1  190 2173 1157  110   26   4   3   0  0
1965    1  500 1703  775   73   22   3   1   0  0
1966    1  168  256  166  100   16   7   0   0  0
1971    1  175  568  516  101   40  13   1   0  0
1972    1  245  740  770  448   96  33   6   1  0
1973    1   58  520  253  176   48  10   4   1  0
1976    1  248  770 1463  788  225 112  37  17  2
1977    1   89  947  383  274   76  26  12   4  1
1978    1  110  919  958  236  166  62   9   8  3
1979    1   58  665 1545 1093  323 159  47   7  3
1980    1   84 1627  874  716  363  93  57  15  3
1981    1  340 2634 2479 1091  636 242  54  21  1
1982    1  223 1824 1378  625  201 131  36   2  4
1983    1  392 2093 1603  833  429 146 149  77 10
1984    1  639 1398  798  443  203 103  22  10  6
1985    1  749 1063  491  193   79  26   9   2  0
1986    1  230  832  245   60   18   4   1   0  0
1987    1  295  406  328   93   18   4   2   0  0
1988    1   77 1051  248  202   37   9   2   1  0
1989    1  331  219  532   85   73  10   2   0  0
1990    1   62  544  118  164   21  19   0   0  0
1991    1  101  223  265   51   50   7   1   0  0
1992    1   37  645  125   69    8   3   3   0  0
1993    1  252  302  316   67   26   3   6   1  0
1994    1   42  287  134   81    9   5   0   0  0
1995    1  222  311  409  123   54   8   2   0  1
1996    1  419  821  199  157   41  18   3   0  0
1997    1   52  201   50   10    3   1   2   1  0
1998    1   60  758  626   99   13   7   1   1  0
1999    1  151  361  564  176   36   5   2   0  0
2000    1  250  536  169   90   24   8   0   0  0
2001    1   77  414  223   44   28  10   0   1  0
2002    1   46  570  243   55    9   3   1   0  1
2003    1   12  189  181   36    9   1   0   0  0
2004    1   57  156  203   71   18   2   0   0  0
2005    1   22   72   36   28    9   2   0   0  0
2006    1   29   39   47   26   29   6   2   1  0
2007    1   39   17    3    1    2   0   0   0  0
2008    1  231   94  458  118   24   5   1   1  0
2009    1    4  172   49    5    3   0   0   0  0
2010    1   34   19  249   20   18   7   1   2  0
2011    1  335  371   50   19    1   1   0   0  0
1972    2  564 2514 2354 1282  260  77  10   1  0
1973    2   51 1306 1510 1157  588  77  11   1  0
1974    2  144  533  155   37   13   1   1   0  0
1975    2  288 3117 1506  417  180  85  25  10  0
1976    2  183  505 1002  395   97  41  23   6  2
1977    2  100 1717  675  506  133  37  19   6  5
1978    2   30 1253 1545  423  277  53  11   1  2
1979    2   92  765 1121  898  270 126  38  15  5
1980    2  350 3800 1344 1341  694 174  93  22  7
1981    2 1230 4902 3605 1200 1002 398  87  31  6
1982    2  337 1852 1334 1124  254 273 125  29  2
1983    2  434 4122 3745 2285 1428 411 385 161 28
1984    2  604 2784 2099  936  522 244  82  35 10
1985    2 2024 3592 1519  628  268 104  46   5  1
1986    2  889 3799 1477  409  128  53   9   5  0
1987    2  781 2623 2945 1201  276  86  29  10  4
1988    2  301 3848  924  935  250  63  13   4  0
1989    2  651 1177 3491  610  460 104  20   2  1
1990    2  452 3337  652 1159  182 105  23   4  1
1991    2  542 1173 2123  476  775 116  75  10  1
1992    2  257 2762  691  843  176 260  30  16  0
1993    2  832 2096 1737  379  326  76  84   8  2
1994    2  279 2518 1594 1120  238 168  42   9  0
1995    2  580 1251 2048 1005  627 155  62  20  6
1996    2 1059 3984 1160 1192  481 280  57  19  6
1997    2  618 3806 1671  433  464 184 107   9  3
1998    2  383 4176 2784 1049  228 171  64  17  2
1999    2  268 1054 1716  792  274  75  28   7  2
2000    2  859 2759 1385 1591  627 149  21  15  1
2001    2  458 2981 1939  603  559 181  45   7  2
2002    2  490 3042 1535  673  140 116  22   4  0
2003    2  330 3994 3368 1099  322  81  35   9  0
2004    2  251 1353 1982  972  237  74  14   9  1
2005    2  353 1420 1468 1183  387  98  32  11  4
2006    2  968 1257 1134  754  448 103  33   8  1
2007    2  107 2951 1666  749  346 188  42  10  1
2008    2  160  582 3191  717  259 105  41   8  1
2009    2   20 3164  665  606  180  60  25  10  1
2010    2  583  228 3843  297  311  73  26   8  4
2011    2 1006 3193  665 1028  109  56  21   3  1
1972    3   46  118  468  286   68  15   2   1  0
1973    3    0   39   68   84   25   7   1   0  0
1974    3    0   45  390  283  158  39   9   0  0
1975    3    0    8   76   53   21   5   1   0  0
1976    3    0    5  322  342   89  22   5   1  0
1977    3    0   56  480  779  270  62   9   2  0
1978    3    0    2  110  165  195  59   8   2  0
1979    3    0    6  121  286   72  29   8   0  1
1980    3    0    4   26  117   90  23   2   1  0
1981    3    1   25  207  262  426 183  32   3  1
1982    3    0   27   94  180   89 123  69   5  2
1983    3    0    2  113  120   96  38  30   7  0
1984    3    0   54  229  234  144  71  12   5  7
1985    3    1   34  286  356  259 101  41   9  9
1987    3    0   48  684  642  317 163  50  11  5
1988    3    0   82  132  426  179  47  20   3  2
1989    3    0   13  331  181  213  64  18   3  0
1990    3    0  115  160  771  167 133  20   4  1
1991    3    0   14  306  187  436  79  51  13  1
1992    3    0   74  174  510  137 221  31  17  5
1993    3    0  104  363  154  196  37  49   2  2
1994    3    1   45  300  537  183  95  30   8  2
1995    3    0   21  243  341  242  52  22   4  2
1996    3    0   21   86  247  119  56  10   4  0
1997    3    0   30  113  104  202 108  54  16  6
1998    3    0   45  450  438  185 191  57  26  5
1999    3    0   18  245  307  176  56  28   5  1
2000    3    0   13  170  530  330 107  25   4  0
2001    3    0   31  190  263  345 154  34   7  2
2002    3    0   45  206  285  149 178  45   5  2
2003    3    0   30  283  439  305 137  83  28  3
2004    3    0   25  278  451  276 116  25  13  1
2005    3    0    5   91  352  207  80  28   9  1
2006    3    0    6  108  265  268 124  30   8  0
2007    3    0  140  384  760  744 512 134  36  6
2008    3    1   32  841  458  309 153  54  17  1
2009    3    0   42   63  466  166  99  29  11  1
2010    3    0    1  222   67  428 114  60  23  7
2011    3    0  103   77 1170  205 260  60  18  8
#n_wt_obs
61
#Mean weight-at-age in kilograms (interpolated: from HCAM.rep)
#A$yr     V1     V2     V3     V4     V5     V6     V7     V8     V9
1951 0.0417 0.0897 0.1126 0.1376 0.1586 0.1706 0.2001 0.1865 0.1865
1952 0.0432 0.0896 0.1133 0.1385 0.1599 0.1756 0.1677 0.1780 0.1865
1953 0.0329 0.0763 0.0958 0.1255 0.1498 0.1599 0.1335 0.1784 0.1865
1954 0.0447 0.0847 0.1036 0.1278 0.1571 0.1721 0.1751 0.1860 0.1865
1955 0.0499 0.0893 0.1043 0.1262 0.1448 0.1738 0.1720 0.1784 0.1865
1956 0.0471 0.0845 0.1060 0.1205 0.1410 0.1587 0.1785 0.1733 0.1865
1957 0.0481 0.0828 0.1089 0.1371 0.1506 0.1640 0.2100 0.1784 0.1865
1958 0.0438 0.0763 0.1081 0.1421 0.1535 0.1647 0.1762 0.1885 0.1865
1959 0.0502 0.0836 0.0993 0.1314 0.1596 0.1677 0.1523 0.1580 0.1865
1960 0.0530 0.0902 0.1125 0.1279 0.1597 0.1290 0.1770 0.1784 0.1865
1961 0.0576 0.0786 0.1111 0.1170 0.1372 0.1650 0.1720 0.1784 0.1865
1962 0.0501 0.0880 0.0993 0.1366 0.1449 0.1530 0.2020 0.1784 0.1865
1963 0.0477 0.0832 0.1049 0.1116 0.1494 0.1778 0.1790 0.1784 0.1865
1964 0.0576 0.0993 0.1159 0.1378 0.1586 0.1850 0.1400 0.1784 0.1865
1965 0.0611 0.1051 0.1224 0.1451 0.1452 0.1770 0.1440 0.1784 0.1865
1966 0.0520 0.1067 0.1487 0.1681 0.1783 0.1888 0.1720 0.1784 0.1865
1967 0.0488 0.0880 0.1104 0.1332 0.1530 0.1677 0.1720 0.1784 0.1865
1968 0.0488 0.0880 0.1104 0.1332 0.1530 0.1677 0.1720 0.1784 0.1865
1969 0.0488 0.0880 0.1104 0.1332 0.1530 0.1677 0.1720 0.1784 0.1865
1970 0.0578 0.0888 0.1175 0.1399 0.1608 0.1733 0.1871 0.1927 0.2096
1971 0.0553 0.1056 0.1319 0.1537 0.1742 0.1895 0.1690 0.1927 0.2096
1972 0.0586 0.0897 0.1290 0.1478 0.1671 0.1778 0.1973 0.1850 0.2096
1973 0.0525 0.0993 0.1274 0.1588 0.1749 0.1928 0.1977 0.2010 0.2096
1974 0.0630 0.0877 0.1392 0.1653 0.2093 0.1733 0.2420 0.1927 0.2096
1975 0.0421 0.0828 0.1115 0.1423 0.1694 0.1934 0.1995 0.2122 0.2096
1976 0.0498 0.0849 0.1234 0.1455 0.1743 0.1914 0.2033 0.2248 0.2133
1977 0.0571 0.0888 0.1173 0.1389 0.1616 0.1910 0.2010 0.2027 0.2418
1978 0.0501 0.0853 0.1099 0.1321 0.1513 0.1672 0.1683 0.1999 0.2095
1979 0.0597 0.0848 0.1178 0.1405 0.1604 0.1754 0.1990 0.2051 0.2174
1980 0.0522 0.0780 0.1083 0.1352 0.1584 0.1718 0.1831 0.1984 0.2172
1981 0.0602 0.0857 0.1085 0.1348 0.1561 0.1706 0.1873 0.1802 0.2022
1982 0.0635 0.0945 0.1153 0.1292 0.1531 0.1618 0.1696 0.1688 0.1950
1983 0.0576 0.0898 0.1174 0.1349 0.1431 0.1580 0.1707 0.1851 0.1941
1984 0.0624 0.0881 0.1146 0.1388 0.1569 0.1590 0.1666 0.1762 0.2010
1985 0.0647 0.0867 0.1141 0.1345 0.1564 0.1703 0.1869 0.1926 0.2320
1986 0.0670 0.0895 0.1108 0.1324 0.1495 0.1700 0.1971 0.1954 0.2096
1987 0.0628 0.0874 0.1056 0.1226 0.1366 0.1522 0.1660 0.1550 0.1823
1988 0.0609 0.0900 0.1138 0.1302 0.1423 0.1547 0.1642 0.2006 0.2096
1989 0.0644 0.0841 0.1068 0.1273 0.1390 0.1474 0.1561 0.1580 0.1820
1990 0.0604 0.0851 0.1060 0.1283 0.1468 0.1572 0.1609 0.1453 0.2260
1991 0.0642 0.0894 0.1101 0.1280 0.1426 0.1553 0.1634 0.1508 0.1850
1992 0.0598 0.0905 0.1118 0.1319 0.1494 0.1592 0.1738 0.1739 0.1563
1993 0.0579 0.0922 0.1118 0.1286 0.1411 0.1529 0.1565 0.1600 0.1475
1994 0.0522 0.0809 0.1047 0.1207 0.1350 0.1405 0.1512 0.1609 0.1563
1995 0.0612 0.0856 0.1106 0.1314 0.1446 0.1617 0.1631 0.1791 0.1753
1996 0.0619 0.0829 0.1061 0.1264 0.1457 0.1557 0.1719 0.1694 0.1830
1997 0.0497 0.0826 0.1017 0.1197 0.1368 0.1463 0.1541 0.1670 0.1817
1998 0.0504 0.0725 0.0939 0.1086 0.1194 0.1331 0.1438 0.1559 0.1485
1999 0.0460 0.0795 0.0991 0.1134 0.1255 0.1341 0.1434 0.1508 0.1390
2000 0.0523 0.0724 0.0948 0.1110 0.1291 0.1387 0.1530 0.1599 0.1630
2001 0.0622 0.0853 0.0990 0.1197 0.1332 0.1483 0.1552 0.1454 0.1440
2002 0.0494 0.0793 0.0959 0.1076 0.1254 0.1324 0.1413 0.1640 0.0590
2003 0.0518 0.0772 0.0930 0.1050 0.1113 0.1282 0.1401 0.1280 0.1563
2004 0.0498 0.0729 0.0888 0.0993 0.1091 0.1125 0.1241 0.1219 0.1320
2005 0.0476 0.0741 0.0910 0.1064 0.1175 0.1257 0.1305 0.1215 0.1373
2006 0.0483 0.0714 0.0882 0.1023 0.1113 0.1208 0.1279 0.1394 0.1780
2007 0.0620 0.0753 0.0831 0.0994 0.1154 0.1230 0.1301 0.1432 0.1340
2008 0.0257 0.0658 0.0858 0.0936 0.1030 0.1105 0.1155 0.1331 0.1350
2009 0.0453 0.0644 0.0688 0.1033 0.1156 0.1251 0.1347 0.1542 0.1780
2010 0.0435 0.0580 0.0790 0.0850 0.1118 0.1189 0.1158 0.1119 0.1413
2011 0.0353 0.0686 0.0721 0.0906 0.0948 0.1083 0.1194 0.1430 0.1220
#eof
999

