# Number of parameters = 231  Objective function value = -1160.44  Maximum gradient component = 0.000163306
# theta[1]:
7.21856720058
# theta[2]:
0.769961114989
# theta[3]:
-0.818521892895
# theta[4]:
6.95911164806
# theta[5]:
6.13819803332
# theta[6]:
0.389254913816
# theta[7]:
1.11686798832
# sel_par[1]:
 0.970895072287 -1.24676070975
# sel_par[2]:
 1.07270889833 -1.11561179135
# sel_par[3]:
 -0.371544026414 -1.96935935915
# sel_par[4]:
 0.720275847948 -2.99573227355
# sel_par[5]:
 0.720275847948 -2.99573227355
# log_ft_pars:
 -0.588109661199 -0.544573922595 -2.37546941319 -0.683302158186 -0.603008167825 -0.123672266082 0.242541957343 -0.657012117389 -0.289973288042 -0.0986635552996 -0.216813572279 -0.100573757774 0.0104861611882 0.00987650998769 -0.0558499682776 0.0825047001895 0.529894683631 -2.31257877770 -4.82209725138 -5.14970088804 -3.43265582646 -2.80966831710 -2.31400104596 -4.69037910581 -5.14452644947 -2.76603877098 -2.83460903611 -2.01431798977 -1.89081584413 -3.54144985764 -2.86697569551 -2.99381369119 -4.27860366086 -6.25626044449 -4.16888394617 -5.12842029082 -5.70410299167 -4.83772845784 -4.39104474617 -6.00611835938 -5.16637735813 -4.87230600318 -5.36194738280 -4.88549075734 -5.17199707009 -5.35029259117 -5.76796546260 -4.84081075805 -4.27060315372 -4.41648307759 -4.41480812021 -4.56801898012 -4.38838318716 -4.45643923064 -4.34220769198 -4.12705398116 -4.96560875102 -4.18095515905 -4.85257615728 -4.77299676617 -1.82279901831 -3.09845003248 -4.67429221520 -4.80251101642 -5.91016691568 -3.04710261234 -3.17500133672 -6.14266300280 -3.64682300968 -3.07906053088 -1.94219682801 -2.28568318802 -2.73313346812 -5.92994352507 -3.03486400993 -4.01409240246 -3.99860896668 -4.36666639437 -3.37862698242 -3.28886437184 -3.07942645331 -3.18009177015 -2.59923669835 -2.46759742315 -2.91886460997 -2.97717565149 -2.57960579831 -2.63279984803 -2.47028944350 -2.41301081806 -2.72399600872 -2.47128225815 -2.09428012958 -3.05748697907 -3.21999335321 -2.61844327280 -2.69934257427 -4.66484145676 -6.27161015888 -5.31600652570 -3.58187049432 -2.05714569288 -1.83226126751 -1.45924565645 -1.50688090032 -1.54329426485 -1.62986035552 -1.75096480114 -2.49826752253 -2.01913840783 -1.75134013410 -0.971940887701 -0.897886371904 -1.19748656879 -0.928777707885 -1.09029510074 -1.23813035185 -1.10169359309 -0.980641083971 -1.05217670527 -1.11505752115 -0.836232321131 -1.25695394273 -1.44295668263 -1.24848901083 -0.944852307396 -1.06768718115 -0.973273417655 -0.930754381702 -0.785216508829 -0.762990801786 -1.28975364174 -0.861083565240 -0.823675035492 -0.903623555638 -0.573149385262 -1.09031348752 -1.35434108645
# init_log_rec_devs:
 1.02762813627 0.741376088374 -0.632188731159 -0.439087519284 -0.283311603172 -0.177402826239 -0.105482239020 -0.131531303511
# log_rec_devs:
 0.111838764035 0.201067098038 0.496487341852 0.325757151517 -0.296640094868 -0.461856068657 -0.528529464659 0.0955411475108 0.124212994346 -0.391017387606 0.355963445301 0.277757470583 0.517193520666 -0.178145166152 -0.532686899277 -0.197686677145 -0.316506380727 -0.712244612622 0.0758364626921 -0.0378037319735 -0.589209753553 -0.614655045504 -0.464222426621 -0.201102365758 -0.609983562926 -0.0890028306875 -0.193212939888 -0.706178113376 -0.260107052742 -0.385924337728 -0.330712360360 -0.502187842928 -0.725768747481 -0.276438649166 0.364744165386 -0.260146080150 0.552832076285 -0.617823840623 0.302624715578 -0.278878978551 0.516238036873 0.261962632621 0.551814923439 -0.194257165018 0.510007789745 0.886908884228 0.834043601016 0.0375543742978 0.381174933021 0.544660575289 0.709510967927 0.761769294102 0.279874042851 0.225834302975 0.161908992333 0.765619370868 -0.222160515229 0.884608700380 -1.54682237335 0.606563745875
# log_m_nodes:
 -0.0656083395589 -0.0547473960169 0.146338394778 0.102857268440 -0.179561045714 0.0737645437807 0.0408900439429 -0.0522138880390 0.0626335788557 -0.0546267011562 0.0497984122198 -0.104214368563
