# Number of parameters = 235  Objective function value = -1199.05  Maximum gradient component = 0.000940658
# theta[1]:
7.49329717636
# theta[2]:
0.777521758987
# theta[3]:
-0.786271655847
# theta[4]:
7.30201949046
# theta[5]:
6.59283848929
# theta[6]:
0.407014108312
# theta[7]:
1.22885909853
# sel_par[1]:
 0.978304239385 -1.23170986797
# sel_par[2]:
 1.07627399400 -1.12757863598
# sel_par[3]:
 1.54137358731 -0.929121204081 -0.0599621049318
# sel_par[4]:
 0.720275847948 -2.99573227355
# sel_par[5]:
 0.720275847948 -2.99573227355
# log_ft_pars:
 -0.786466416790 -0.830368374106 -2.66388415957 -0.911452953935 -0.785816905573 -0.274912732182 0.0653806500761 -0.877221943766 -0.463797414181 -0.274406959980 -0.417094878964 -0.271509866534 -0.155358552729 -0.148901873541 -0.217816981120 -0.0761615281629 0.351207594691 -2.60405135994 -5.01540735180 -5.26344211257 -3.53448538258 -2.94707947795 -2.51770713967 -4.94340109021 -5.40682439181 -3.03139160881 -3.13425263922 -2.34710432984 -2.24868260336 -3.87689101411 -3.17272941220 -3.28327171816 -4.56338838356 -6.56318749526 -4.46178668715 -5.36123455737 -5.92477757702 -5.06675847399 -4.61657288288 -6.21108107446 -5.35421806953 -5.05397018683 -5.54092541574 -5.05835330728 -5.35012865631 -5.51820676422 -5.94532896294 -5.06722505306 -4.54216963471 -4.71158598925 -4.69851297296 -4.82759566158 -4.64069497068 -4.71088000947 -4.62699611627 -4.43586348109 -5.22995452859 -4.37161655497 -4.90283327844 -4.84664473067 -5.06296063723 -1.93051339974 -3.27889384493 -4.90943629317 -5.05795524990 -6.17058527082 -3.33838145583 -3.50460904905 -6.47553003551 -3.94511700482 -3.36064837670 -2.22228470305 -2.58755900192 -3.02825651604 -6.17010640073 -3.25210925829 -4.24267262497 -4.22167122469 -4.55089024386 -3.55754748009 -3.46542377285 -3.25500682300 -3.36159583491 -2.77701055612 -2.65259268588 -3.14693149739 -3.24999448086 -2.88047283061 -2.92794489082 -2.74270486857 -2.67458589478 -2.98070739541 -2.75235536379 -2.40679500747 -3.33403771997 -3.42820290889 -2.69105755559 -2.74843428347 -3.58692612930 -5.77070895800 -4.75575917154 -3.30552032486 -1.90649169562 -1.71452310539 -1.46711112874 -1.68443638156 -1.86740278345 -1.95725217244 -2.23219247638 -3.01732183021 -2.42702425371 -2.13460694845 -1.38416911337 -1.38746402035 -1.75497629936 -1.45706953087 -1.72282899437 -1.80740798745 -1.78918694609 -1.54345007643 -1.67457642522 -1.69110938404 -1.53587105623 -1.98287666318 -2.22139655278 -2.00981519541 -1.84387718821 -2.06239328864 -2.02943441855 -1.92535719980 -1.80786635253 -1.89503168281 -2.39850410125 -1.92592323520 -1.89930372241 -2.01695618270 -1.77508070406 -2.32513828925 -2.32566381315 -2.12441186170
# init_log_rec_devs:
 0.822412039062 0.599856509836 -0.582884794326 -0.372146520580 -0.215015796944 -0.117366723527 -0.0649899015427 -0.0698647833365
# log_rec_devs:
 0.0215529478079 0.224851653448 0.477978812295 0.309804952998 -0.312014493984 -0.478000317182 -0.479452957357 0.0849016117156 0.105480067024 -0.391877918866 0.300319124840 0.229749073421 0.471819421444 -0.179077124698 -0.557249897756 -0.299263481097 -0.138967264021 -0.613020918110 0.0702638477274 0.00929246712689 -0.439603513105 -0.501314494444 -0.327444843369 -0.120375357268 -0.569000202650 0.00995389281068 -0.0843574470439 -0.577593532603 -0.129210405931 -0.209967483292 -0.169715580314 -0.380433434669 -0.579263140940 -0.213632930105 0.316805052082 -0.322315331095 0.514950565231 -0.651526695774 0.248772290876 -0.333069911194 0.466527944305 0.205889755079 0.431192628189 -0.336392962808 0.292824872244 0.668464096588 0.699251700433 -0.0527484712478 0.307317429155 0.464566886635 0.608690733506 0.684394107790 0.209354619912 0.241285167801 0.161005341541 0.711348176208 -0.446800304217 0.559441362967 -1.25914366919 0.598238686640 0.446546193029
# log_m_nodes:
 0.0359230162324 -0.0424090674687 0.119557662828 0.0680912570224 -0.177097200296 0.100142371172 -0.00705022509866 -0.0269697594629 0.0271959147289 -0.0307828720824 0.0447032965269 -0.172319932432
