# Number of parameters = 279  Objective function value = -1161.83  Maximum gradient component = 0.000632500
# theta[1]:
7.22167429260
# theta[2]:
0.798978950862
# theta[3]:
-0.823490956861
# theta[4]:
7.02625143729
# theta[5]:
6.25169576220
# theta[6]:
0.405294364415
# theta[7]:
1.20749660516
# sel_par[1]:
 0.969370912411 -1.25431754474
# sel_par[2]:
 1.07042949541 -1.11656714526
# sel_par[3]:
 0.00912703442312 -3.86127462629
# sel_par[4]:
 0.720275847948 -2.99573227355
# sel_par[5]:
 0.720275847948 -2.99573227355
# log_ft_pars:
 -0.644759598312 -0.631455021173 -2.46658881447 -0.755748072703 -0.662700364850 -0.173900216943 0.180963832326 -0.731238443782 -0.346985486353 -0.151941639520 -0.272177560684 -0.147104832911 -0.0363312195957 -0.0446606360206 -0.121780637294 0.0152545422724 0.469154455851 -2.41478073235 -4.90846712631 -5.23552471071 -3.52754808260 -2.94801642620 -2.49572253098 -4.88443708197 -5.32125521949 -2.89548815920 -2.93891129396 -2.10733945632 -2.00163652318 -3.68276114615 -3.04412197202 -3.18847096797 -4.46232402204 -6.40198612622 -4.25028150545 -5.13663153322 -5.68473997503 -4.82031317205 -4.39911041609 -6.03522888103 -5.20181654242 -4.89540582596 -5.36218545895 -4.86673552022 -5.12555011392 -5.27462379885 -5.67582422281 -4.76969073812 -4.24383587412 -4.43817677763 -4.44467840629 -4.58885490665 -4.39300496100 -4.43373538497 -4.29127112680 -4.04207196509 -4.84170467561 -4.11886704944 -4.80701726926 -4.73972415104 -1.95282837086 -3.26911535672 -4.85782681555 -4.97294779290 -6.04163196163 -3.15011617706 -3.26901734339 -6.28337474135 -3.82127424518 -3.27336466305 -2.12693337607 -2.43228452329 -2.81959682503 -5.94503268697 -3.02067319948 -4.00067520393 -4.00826509772 -4.40598811342 -3.40696691506 -3.29311504337 -3.06194333857 -3.13659499797 -2.52989164177 -2.38214496776 -2.85108090052 -2.95300962664 -2.60444504195 -2.67225183725 -2.49903931238 -2.42380426807 -2.70613560431 -2.42471527789 -2.01756758187 -2.93936527818 -3.14461311387 -2.57518594354 -2.66526600809 -3.31487089247 -6.02159547598 -5.70090446133 -3.89775526647 -2.40207271974 -2.26207771496 -1.45521816354 -1.87488445654 -1.77275723923 -1.72331491280 -2.09799072201 -2.76604721276 -2.28459014934 -2.12543214614 -1.41452263204 -1.35712989963 -1.56799838946 -1.08518636209 -1.51731575956 -1.54301401139 -1.52217434011 -1.43299949549 -1.60694073863 -1.69694189547 -1.13770307662 -1.72204503826 -1.77366451670 -1.44940715280 -0.848417831741 -1.34309553870 -1.12632929895 -1.43760354014 -1.22572852951 -0.861560056734 -1.35627859296 -1.09812093207 -0.591004988869 -0.809892693085 -0.252421492523 -0.878742616355 -1.27198243941
# init_log_rec_devs:
 0.973575647182 0.704255716113 -0.626124121571 -0.424056795623 -0.264821162130 -0.158184249171 -0.0928378341280 -0.111807234686
# log_rec_devs:
 0.106375782749 0.229721172026 0.510757243368 0.346413726162 -0.266965904524 -0.427513053238 -0.473245989226 0.128263830850 0.148346114034 -0.365008255475 0.357505067488 0.274096958291 0.516900551220 -0.148463073248 -0.486331381985 -0.176999293729 -0.203314526916 -0.642252974616 0.0787396400972 -0.0512476826373 -0.436238534335 -0.385603930305 -0.181517179540 0.0580068665850 -0.478369618154 0.0409665068825 -0.130404071772 -0.634439389807 -0.188943859247 -0.246982700711 -0.183482979759 -0.312901455901 -0.507504747895 -0.121034519511 0.365660822155 -0.335969370685 0.431311676365 -0.706264182239 0.206972086724 -0.340357245991 0.459187098893 0.189569140828 0.492973240783 -0.286564215168 0.378198975832 0.693996659185 0.632094143538 -0.164479764812 0.254948438610 0.407568830191 0.606559563234 0.679917026002 0.177373253208 0.110670314261 0.0255654759997 0.504513543402 -0.186467305939 0.719710683940 -1.59615804901 0.532140580208
# log_m_nodes:
 -0.0338512307502 -0.0357165444263 -0.0392722687020 -0.0442066305485 -0.0476144129491 -0.0472617045086 -0.0375808251037 -0.0154164032919 0.0233443324954 0.0605615327558 0.0957783616111 0.133935412978 0.174991478071 0.197937118883 0.183643364023 0.131745944698 0.0754484985653 0.00158239158897 -0.0433792721450 -0.0630312107753 -0.0882379990709 -0.122620214641 -0.143832146669 -0.127020547436 -0.0982848312383 -0.0655902258780 -0.0194973588085 0.0344169717415 0.0872037913313 0.133057661572 0.152367025354 0.130985093301 0.0585889844933 -0.0243317360714 -0.0722878910708 -0.0868251042331 -0.0824269666858 -0.0682363982278 -0.0230773776304 0.00939087256669 0.0256678073572 0.0459437466177 0.0651691087614 0.0542422575962 0.0191114448533 -0.0211698621258 -0.0496419566437 -0.0513968161987 -0.0345225116965 -0.0136548839137 0.00636170854581 0.0270852839448 0.0405417905852 0.0409208408027 0.0249036421129 -0.00432337585023 -0.0356947086975 -0.0448792264833 -0.0502071958133 0.00000000000
