# Number of parameters = 279  Objective function value = -1196.06  Maximum gradient component = 0.000221828
# theta[1]:
7.51137709358
# theta[2]:
0.760156684685
# theta[3]:
-0.745250891344
# theta[4]:
7.28826124535
# theta[5]:
6.58705393071
# theta[6]:
0.378344961606
# theta[7]:
1.19827231811
# sel_par[1]:
 0.981452524977 -1.24064878175
# sel_par[2]:
 1.07488602074 -1.12722499903
# sel_par[3]:
 1.54184956896 -0.927816738752
# sel_par[4]:
 0.720275847948 -2.99573227355
# sel_par[5]:
 0.720275847948 -2.99573227355
# log_ft_pars:
 -0.773561037433 -0.803722735846 -2.63582761117 -0.893104366698 -0.774143934635 -0.263251497133 0.0848555269082 -0.838148854766 -0.436437846579 -0.251351987209 -0.379967242375 -0.241632893104 -0.133477274706 -0.144865342835 -0.219135317264 -0.0448065629018 0.412502638563 -2.54953597669 -4.95578359038 -5.24525565051 -3.55136745905 -2.97921100042 -2.53336462962 -4.93428372895 -5.37269123803 -2.96183298023 -3.03130106488 -2.23098218214 -2.14652953362 -3.82788412551 -3.18948190902 -3.34658645101 -4.62866136295 -6.57353308561 -4.40151246162 -5.26484150905 -5.81860543489 -4.98458135432 -4.58136695542 -6.22927642341 -5.41019816174 -5.13476194256 -5.62779693800 -5.14007068079 -5.39820941615 -5.52529996995 -5.92282813920 -5.03654217242 -4.52960797169 -4.73789545132 -4.76964336951 -4.93112348303 -4.75507248083 -4.80319888554 -4.67810675204 -4.44301912262 -5.21878387891 -4.39465565345 -5.01559922622 -4.95478666707 -1.97074053853 -3.30361231852 -4.90801550180 -5.02891481529 -6.10731314116 -3.24252275167 -3.39348280663 -6.43059617467 -3.96614166278 -3.42822258757 -2.29217204811 -2.60491086115 -2.97756946866 -6.08029425609 -3.15580537262 -4.16674407254 -4.19170956049 -4.61296821896 -3.64425064767 -3.55702746071 -3.33897803788 -3.41351020692 -2.79088015934 -2.63678887397 -3.12083019760 -3.24068738915 -2.91063958885 -3.00370283723 -2.85054727445 -2.79273786562 -3.07675639593 -2.80744618521 -2.42074399576 -3.32839555930 -3.45044171395 -2.80224938163 -2.88080212921 -3.54356100450 -5.77651925531 -4.84049349059 -3.38173703643 -1.96234560096 -1.74800506736 -1.40970363512 -1.60423029501 -1.74757000830 -1.83546114990 -2.11965331706 -2.95369593936 -2.43978158481 -2.20502221905 -1.45867777692 -1.41842736946 -1.67764847982 -1.36425966434 -1.63696774462 -1.78498548338 -1.80794080669 -1.61278069839 -1.77347567013 -1.80787188256 -1.62217289653 -2.03145105885 -2.22168867766 -1.97589183046 -1.80683797762 -2.06179523128 -2.04172227509 -2.00089208640 -1.93063099170 -2.00809675725 -2.50211430325 -1.99305055430 -1.89799410132 -2.00508861384 -1.78734800625 -2.36779880749 -2.47142666830
# init_log_rec_devs:
 0.833603470657 0.606788156272 -0.587761824869 -0.376883918700 -0.218384972439 -0.119924081274 -0.0662414767864 -0.0711951854208
# log_rec_devs:
 0.0471188644880 0.232547798608 0.494964196372 0.314004261801 -0.316489603922 -0.482747758882 -0.503909243121 0.0810728856718 0.0997806163746 -0.417524459379 0.293916933556 0.217994202258 0.469610913409 -0.172762937732 -0.538982585292 -0.265182721165 -0.112394856760 -0.687378263076 0.00371452698771 -0.0590743508006 -0.439128496432 -0.471145524629 -0.281022519900 -0.0989416275095 -0.603865500221 -0.0649880999225 -0.207290084881 -0.715111213004 -0.250341057057 -0.278336029880 -0.163347142229 -0.299120248845 -0.473496192398 -0.136086316731 0.307921917969 -0.405826207803 0.399464849258 -0.743689000870 0.206304914263 -0.314504151496 0.542091052758 0.309462890026 0.573817516217 -0.206747262379 0.402067507829 0.727988649721 0.703309386894 -0.0755370266741 0.309277452844 0.515540775014 0.711521994928 0.832005969895 0.365478736004 0.384686349292 0.263258786572 0.749385692894 -0.396192968976 0.673381646402 -1.61580245797 0.565273514348
# log_m_nodes:
 0.0157830497149 0.00987257043754 -0.000866801111878 -0.0163823475864 -0.0312175186124 -0.0415709206895 -0.0394620768088 -0.0218477214981 0.0169635955967 0.0528377426756 0.0840999331299 0.118224654194 0.158309079666 0.181586453621 0.166114267560 0.109819461728 0.0567090268428 -0.0115077778712 -0.0495142368443 -0.0676875677833 -0.100093954407 -0.142687814841 -0.163393838716 -0.137485565000 -0.0987124856174 -0.0602485444676 -0.0119727792072 0.0420362784922 0.0942052514330 0.139718186282 0.157974452356 0.134537183923 0.0539843729544 -0.0387167254461 -0.0895937431868 -0.0980889718952 -0.0830337886891 -0.0584513780584 -0.00796240176752 0.0217011641728 0.0299487074350 0.0438759028081 0.0592955264839 0.0473216163284 0.0143502094846 -0.0240354892543 -0.0527694298068 -0.0560719403514 -0.0381466376517 -0.0115915691172 0.0189191565115 0.0484141435384 0.0643422105116 0.0568711205354 0.0235349210943 -0.0232805403383 -0.0631586318975 -0.0735147306144 -0.0810509343142 0.00000000000
