# Number of parameters = 219  Objective function value = -1051.92  Maximum gradient component = 1.40971e-05
# theta[1]:
7.61447738828
# theta[2]:
0.706359705895
# theta[3]:
-0.392277841515
# theta[4]:
7.34932832041
# theta[5]:
7.10949305305
# theta[6]:
0.412383602457
# theta[7]:
1.00151738192
# sel_par[1]:
 0.981588278338 -1.24802303028
# sel_par[2]:
 1.08289512021 -1.11316026735
# sel_par[3]:
 -0.365043654569 -1.99532413694
# sel_par[4]:
 0.720275847948 -2.99573227355
# sel_par[5]:
 0.720275847948 -2.99573227355
# log_ft_pars:
 -1.23799341930 -1.25599935117 -3.02391895530 -1.23642766632 -1.09715741308 -0.567731265607 -0.255364118727 -1.22097927040 -0.738537150087 -0.490484421573 -0.555645052010 -0.376884645324 -0.177936533533 -0.104715432354 -0.121885971859 -0.0525326274851 0.344453719403 -2.30596445657 -4.92158181094 -5.44523130439 -3.94695481066 -3.53494706660 -3.20605043606 -5.61133589275 -5.99093595419 -3.49236777878 -3.43830679824 -2.48942372965 -2.24004099284 -3.74907693986 -2.96361408640 -3.02829053024 -4.29819092829 -6.30454684388 -4.27655746179 -5.29953486205 -5.93073465829 -5.10669253404 -4.65845433553 -6.24724943547 -5.35001299493 -4.99018497382 -5.40889260031 -4.87855788243 -5.13888175243 -5.31996110238 -5.77821170710 -4.90923661060 -4.38726623983 -4.56167579516 -4.56507173459 -4.69642103732 -4.47861372545 -4.50527804547 -4.37118169236 -4.17453683934 -5.06991178543 -4.33998690879 -5.04809442072 -4.95058728574 -2.53950886819 -3.98118743381 -5.58510496200 -5.63646602205 -6.62436932303 -3.63850852038 -3.63835517565 -6.34346867143 -3.73774642642 -3.10846080102 -1.95833214516 -2.32979346293 -2.83524213309 -6.09186851191 -3.25473988235 -4.27235458262 -4.26137461104 -4.54589156037 -3.48892760882 -3.33205683139 -3.06715634517 -3.14564060559 -2.56443338573 -2.46880768836 -2.97838174392 -3.08789331625 -2.71615825173 -2.77442456912 -2.59082256544 -2.49681862237 -2.76904695119 -2.49508809838 -2.13550785396 -3.15011171907 -3.37428045414 -2.80305487975 -2.87565071183 -5.11694791461 -6.65406353338 -5.86914765036 -4.31845881334 -2.95236850820 -2.75257276288 -2.29540038269 -2.22427499549 -2.13523821481 -2.09745372933 -2.09812891152 -2.70274070595 -2.10759246917 -1.77720478781 -0.985645952571 -0.940699981546 -1.30279429778 -1.13927883509 -1.34937101877 -1.49959871448 -1.32570478339 -1.15376975536 -1.16902213391 -1.16570969396 -0.834361926273 -1.22731619831 -1.41904406439 -1.25949053796 -1.00970117173 -1.17972594674 -1.10779586376 -1.06640545540 -0.902353283348 -0.850579916104 -1.33847869368 -0.886397245974 -0.855738498750 -0.975148893135 -0.707184464410 -1.27380454640 -1.52875813538
# init_log_rec_devs:
 0.813327311628 0.585114605485 -0.540458624923 -0.362935801727 -0.218637228182 -0.134312186629 -0.0698690886583 -0.0722289871788
# log_rec_devs:
 0.634009983391 0.830519503634 1.03868023122 0.826834261043 0.112487852150 -0.0847275785899 0.0792983002433 0.593362211576 0.558909266432 -0.0421664200123 0.642093911344 0.411221246624 0.522603468198 -0.321297622767 -0.739703031441 -0.527772091391 -1.21084382639 -1.42623965520 -0.428997443208 -0.263947409179 -0.483861906150 -0.185874218387 0.202303623881 0.540902263850 0.0984249850381 0.527699090135 0.280990138681 -0.391027829360 -0.122968064079 -0.434756353134 -0.526307548096 -0.793037247724 -1.04831297707 -0.572211635676 0.118637842858 -0.423806201792 0.466552224592 -0.642178112325 0.296852616622 -0.310254708442 0.423161225848 0.0741412023672 0.270738560962 -0.554945870672 0.102318976164 0.477042398684 0.473334776936 -0.246902418236 0.168763156464 0.386661173399 0.565188121448 0.589356189313 0.0517113368433 -0.0468301033663 -0.130912629599 0.489072621161 -0.445712996475 0.714967622683 -1.67957439025 0.516329920325
# log_m_nodes:
 0.00000000000 0.00000000000 0.00000000000 0.00000000000 0.00000000000 0.00000000000 0.00000000000 0.00000000000 0.00000000000 0.00000000000 0.00000000000 0.00000000000 0.00000000000 0.00000000000 0.00000000000 0.00000000000 0.00000000000 0.00000000000 0.00000000000 0.00000000000 0.00000000000 0.00000000000 0.00000000000 0.00000000000 0.00000000000 0.00000000000 0.00000000000 0.00000000000 0.00000000000 0.00000000000 0.00000000000 0.00000000000 0.00000000000 0.00000000000 0.00000000000 0.00000000000 0.00000000000 0.00000000000 0.00000000000 0.00000000000 0.00000000000 0.00000000000 0.00000000000 0.00000000000 0.00000000000 0.00000000000 0.00000000000 0.00000000000 0.00000000000 0.00000000000 0.00000000000 0.00000000000 0.00000000000 0.00000000000 0.00000000000 0.00000000000 0.00000000000 0.00000000000 0.00000000000 0.00000000000
