# Number of parameters = 235  Objective function value = -1201.01  Maximum gradient component = 0.000367957
# theta[1]:
7.05744230118
# theta[2]:
0.821780002858
# theta[3]:
-0.818546763954
# theta[4]:
6.87660685129
# theta[5]:
6.09576940107
# theta[6]:
0.420510210046
# theta[7]:
1.22683140035
# sel_par[1]:
 0.956278615192 -1.25649287843
# sel_par[2]:
 1.05564616527 -1.13773005419
# sel_par[3]:
 1.54193942395 -0.908241156319 -0.0429427418488
# sel_par[4]:
 0.720275847948 -2.99573227355
# sel_par[5]:
 0.720275847948 -2.99573227355
# log_ft_pars:
 -0.624104083322 -0.572834432072 -2.38951512779 -0.669962386177 -0.574779338199 -0.0935760772879 0.265988494350 -0.650463803337 -0.280933182126 -0.0873442814606 -0.222548031830 -0.0944772370943 0.0142950388526 0.0150951009128 -0.0500574838761 0.0980564065962 0.540391711699 -2.33750507452 -4.77876114369 -5.06513161807 -3.35103300421 -2.75076894467 -2.28569148524 -4.68820051611 -5.13938651622 -2.75464483150 -2.84095625933 -2.03080645358 -1.91551077441 -3.56880398527 -2.90277372594 -3.03654319984 -4.31674256122 -6.30575852435 -4.20531378101 -5.11571601063 -5.68102735438 -4.81153153221 -4.35704896387 -5.94683984519 -5.08320461425 -4.77117616157 -5.24644431421 -4.75277892535 -5.04383001829 -5.21176087521 -5.62452551853 -4.73819159311 -4.21676665187 -4.38432778262 -4.35581954392 -4.47078345748 -4.27458897516 -4.35502014709 -4.28534469015 -4.09643730494 -4.90023939542 -4.06381861967 -4.59580626595 -4.51232816377 -4.67522078434 -1.74471378793 -3.06026471905 -4.66795325935 -4.80493377622 -5.90374116010 -3.05800474587 -3.19775454121 -6.17509136585 -3.68354805424 -3.12519115205 -1.98511921606 -2.33921387972 -2.78401294695 -5.94122024095 -3.01941060163 -4.00423769485 -3.97038400301 -4.29030834358 -3.29061541851 -3.18477734599 -2.96318249053 -3.06280299737 -2.48368964760 -2.34704577368 -2.83139004452 -2.93360537476 -2.56702685680 -2.60090187740 -2.40069325776 -2.32093031594 -2.63446068397 -2.42251263616 -2.08061878631 -3.02125183211 -3.12756022486 -2.39878741724 -2.41896055399 -3.40959549289 -5.60203468886 -4.60140481294 -3.12941262267 -1.69512610745 -1.48823261576 -1.21937182193 -1.42293845689 -1.58337562228 -1.65106707870 -1.89970468786 -2.70940310153 -2.17180718918 -1.91629975409 -1.16890500497 -1.14794320023 -1.50013991625 -1.25197461954 -1.49428939283 -1.57927501694 -1.56132451210 -1.31593223523 -1.42594402380 -1.44068073229 -1.27316832649 -1.70452843756 -1.94277973405 -1.72509500407 -1.54259955507 -1.76127602481 -1.72648764870 -1.62670285035 -1.49877409502 -1.55527903372 -2.06478290072 -1.60925972462 -1.58179933704 -1.71569033267 -1.49694621492 -2.03601524840 -2.01680143762 -1.75008832537
# init_log_rec_devs:
 1.05015424645 0.754282924234 -0.636902711715 -0.444187364337 -0.288991403525 -0.180600118149 -0.110423566293 -0.143331998478
# log_rec_devs:
 0.185748740806 0.246945144796 0.484890173616 0.330910182819 -0.265827000124 -0.413302734986 -0.493517119358 0.103978986216 0.143560403642 -0.349498054165 0.351168921510 0.295455957341 0.536376360502 -0.122996874486 -0.498141209695 -0.146752602809 -0.144472737294 -0.648959972745 0.144934702175 0.144374893478 -0.292764928274 -0.396920538448 -0.273505323572 -0.0952632696454 -0.556304720673 0.00411800148028 -0.107512746894 -0.616380222405 -0.170483281079 -0.229765711316 -0.174725362491 -0.382356466778 -0.579082171894 -0.196959785382 0.346581943299 -0.286731324799 0.548639779609 -0.626029957173 0.260874488678 -0.328214465424 0.460803979443 0.181006153136 0.393099085709 -0.373223944682 0.253344367329 0.617045021505 0.638560654680 -0.115928691793 0.239510651345 0.377791578005 0.506683166947 0.573946417313 0.0971631403137 0.129380872879 0.0547743065104 0.607225172376 -0.518285059920 0.515293023976 -1.27946275518 0.551315077756 0.357867740810
# log_m_nodes:
 -0.0887088989519 -0.0643317523070 0.170819273589 0.114558558273 -0.202479269452 0.102183943242 0.00482254395262 -0.0342687960440 0.0282786054360 -0.0404324570359 0.0541478145278 -0.125928987291
