# Number of parameters = 278  Objective function value = -1166.61  Maximum gradient component = 0.00237898
# theta[1]:
7.08871304572
# theta[2]:
0.812636465103
# theta[3]:
-0.860443151260
# theta[4]:
6.89380477765
# theta[5]:
6.07714650917
# theta[6]:
0.408746220784
# theta[7]:
1.20444447160
# sel_par[1]:
 0.961263842690 -1.26510168473
# sel_par[2]:
 1.06237024192 -1.12215084526
# sel_par[3]:
 0.00905548475759 -3.85453391563
# sel_par[4]:
 0.720275847948 -2.99573227355
# sel_par[5]:
 0.720275847948 -2.99573227355
# log_ft_pars:
 -0.590176156997 -0.551072021991 -2.38326993675 -0.684336684671 -0.600928120280 -0.121501184820 0.237770626251 -0.666528434342 -0.296285041603 -0.0996471664549 -0.217205540395 -0.0970494146290 0.0136238373563 0.00549414982079 -0.0701993426755 0.0645154423508 0.516595283258 -2.33595602578 -4.83782939938 -5.17304170407 -3.46743856443 -2.88390157046 -2.42356309840 -4.80791986042 -5.24294326672 -2.81519680164 -2.85428557521 -2.01335549666 -1.89655973032 -3.57966445193 -2.94928057540 -3.10040873240 -4.37663178445 -6.31761391027 -4.17124868861 -5.06475619111 -5.61428727130 -4.74428695409 -4.31746606277 -5.94924469996 -5.11202615142 -4.80242748750 -5.26762948427 -4.77151579726 -5.03358312331 -5.18623638451 -5.58654598412 -4.68042602944 -4.15769354800 -4.35032548366 -4.35112384410 -4.49060044221 -4.29233926654 -4.33946904331 -4.20605597602 -3.96266489345 -4.76788451525 -4.04611054939 -4.72461056656 -4.63827252508 -1.89257832457 -3.20193942058 -4.78646079415 -4.90014929942 -5.96486397606 -3.07024055810 -3.17853197358 -6.18352257369 -3.72954629926 -3.18919677339 -2.04472888310 -2.35163020860 -2.74598304266 -5.87999323115 -2.95447438994 -3.93130781079 -3.92992696554 -4.32013873851 -3.31998386050 -3.20363610589 -2.97232086334 -3.04801000944 -2.44743408309 -2.29953486216 -2.76762918733 -2.87073534810 -2.52279358902 -2.58506981913 -2.40693703264 -2.32852252018 -2.61598734406 -2.34475635619 -1.94400921588 -2.87263061279 -3.07645659125 -2.50000774079 -2.56556012476 -3.26888165805 -5.96533328246 -5.63890935655 -3.83545744001 -2.33288465445 -2.18848362229 -1.38597377157 -1.79926542397 -1.69343554469 -1.63497718794 -1.99593505157 -2.66634131318 -2.19592613786 -2.04493345914 -1.33632712368 -1.27795051731 -1.49380220743 -1.03125861903 -1.45213555704 -1.47495721803 -1.45077997661 -1.35712020702 -1.52458344209 -1.61461596861 -1.05975457154 -1.64217603146 -1.70120996799 -1.38059157730 -0.780797572033 -1.27525161859 -1.06107964200 -1.36756868221 -1.15210087432 -0.781976506771 -1.28148973382 -1.03186060387 -0.535846872041 -0.761116007891 -0.210662360767 -0.826917400575 -1.19477616371
# init_log_rec_devs:
 1.05345369885 0.759471731059 -0.643227229015 -0.447783400731 -0.290310726258 -0.180781228479 -0.109862440963 -0.140960479849
# log_rec_devs:
 0.143849398264 0.226892804109 0.509895937885 0.354364545807 -0.249455259733 -0.402946966025 -0.472732450733 0.139631485519 0.166279039727 -0.346770358656 0.377243532481 0.296759022705 0.537373680488 -0.133908988046 -0.474889950456 -0.134148421268 -0.215727668828 -0.649990876851 0.104395850641 -0.00710742723665 -0.394916125603 -0.355959702661 -0.166662820500 0.0683975066538 -0.469643009526 0.0448718106527 -0.131802920653 -0.646399725680 -0.208548162972 -0.261578594368 -0.195670111483 -0.327901017245 -0.523970384303 -0.130958468683 0.367607793180 -0.324040421915 0.443028088934 -0.699655044314 0.206799418248 -0.345509134142 0.447839521528 0.173728035223 0.471532571354 -0.308299665368 0.357211095072 0.674456202172 0.612713682635 -0.179390783652 0.234836650682 0.386091101510 0.581515031255 0.651095678790 0.149986079525 0.0794897762908 0.00150639823021 0.490578878627 -0.196067364364 0.722447049312 -1.59160248438 0.523835790339
# log_m_nodes:
 -0.0696429752596 -0.0695247956676 -0.0694255806397 -0.0685824533265 -0.0645335929817 -0.0555374338874 -0.0374694859093 -0.00768851247665 0.0356954064447 0.0764498053721 0.116481440928 0.158762259612 0.199571124441 0.216468129857 0.194382953546 0.139992350093 0.0785086643299 -0.00282002198769 -0.0436082552449 -0.0718120729135 -0.105070512446 -0.140346058303 -0.148615253595 -0.120913068646 -0.0924873577491 -0.0514808068943 0.00139094310110 0.0591841552601 0.111500329572 0.149931252414 0.148112572546 0.101960244885 0.0118269805404 -0.0483300774201 -0.0815962142369 -0.0795129395143 -0.0799761547103 -0.0430399218216 -0.00393445854481 0.0167783149813 0.0352060171238 0.0604491764103 0.0599665845155 0.0291831401956 -0.0117722680998 -0.0456320974952 -0.0537091543550 -0.0394583344882 -0.0181574098348 0.00134087656184 0.0208126583151 0.0342097095771 0.0380025270191 0.0289676768885 0.00781822877011 -0.0193417978040 -0.0269341180327 -0.0325606205452 -0.000309319481031
