# Number of parameters = 248  Objective function value = -1330.37  Maximum gradient component = 9.21696e-05
# theta[1]:
6.17737291951
# theta[2]:
0.857071459620
# theta[3]:
-1.16012418977
# theta[4]:
5.74780579315
# theta[5]:
4.53877928809
# theta[6]:
0.384442423368
# theta[7]:
0.912415393000
# sel_par[1]:
 0.839259256062 -1.62089120697
# sel_par[2]:
 0.983125102369 -1.20863283983
# sel_par[3]:
 -0.386168238743 -2.03873730780
# sel_par[4]:
 0.720275847948 -2.99573227355
# sel_par[5]:
 0.720275847948 -2.99573227355
# sel_par[6]:
 2.45079033026 -3.29413472246
# log_ft_pars:
 -0.426371201005 -0.278640008468 -2.08030787747 -0.455168864653 -0.423887642901 0.0183336856399 0.378547132324 -0.519937946406 -0.200704902464 0.0345070619216 -0.0674508527203 0.0280947532528 0.167064593689 0.164514813276 0.138985245116 0.228077570831 0.660516031311 -1.58529558095 -4.15625646766 -4.63440625926 -3.00153431776 -2.38700720468 -1.85507181088 -4.16417181615 -4.57809821732 -2.17700667980 -2.20018361756 -1.24723334749 -0.950227982560 -2.59427505225 -2.01446956026 -2.20585087542 -3.45987952841 -5.30416577762 -3.13119393528 -4.23112143585 -4.93059337777 -4.09121630599 -3.68976613029 -5.32087303102 -4.48000975574 -4.17093276871 -4.62002616310 -4.08044354038 -4.35360072370 -4.54735850566 -4.92760886248 -4.00065142076 -3.48875038489 -3.67218074045 -3.63814211343 -3.73292568660 -3.50084094447 -3.58638036290 -3.51470443644 -3.28310483508 -4.12435325825 -3.36083250330 -4.03482044088 -4.00155990048 -1.41361259519 -2.66339971638 -4.18052391130 -4.27297245991 -5.34071893160 -2.44444734332 -2.43134996180 -5.21549527634 -2.81864494346 -2.32673303079 -1.15104844465 -1.36046093013 -1.76174416438 -2.28944993487 -3.31784509699 -3.32358052303 -3.70952335065 -2.83909303756 -2.67608589470 -2.43241444315 -2.50482629723 -1.91010104522 -1.75726386680 -2.13429641462 -2.31788469344 -1.94248043829 -1.98875598769 -1.74132684066 -1.64317962337 -1.89278721097 -1.81122190104 -1.40165778256 -2.27204454091 -1.63500073185 -1.85438967499 -1.94545146173 -4.51368058901 -5.83544921682 -4.96918785233 -3.25736481440 -1.69398004044 -1.45057771224 -1.06750238446 -1.08916448184 -1.06832033253 -1.03037594609 -0.954780728777 -1.66675948538 -1.32084584499 -1.17793439088 -0.408538959474 -0.176854993327 -0.352635922170 -0.456031658889 -0.636487850872 -0.821255024077 -0.720467791316 -0.608768778462 -0.657078486479 -0.710156462879 -0.403896088260 -0.778810812232 -0.990442122752 -0.809906347095 -0.504292838608 -0.648428566484 -0.601669119094 -0.576870422240 -0.398848784950 -0.297466306526 -0.812620897571 -0.417247673469 -0.374436377718 -0.492366239008 -0.196765431541 -0.708276259969 -1.01212768261 -4.81244216801 -4.69991160057 -4.47406259115 -4.60722117838 -3.96290708144 -4.17495450149 -4.20185167922 -3.82765865618 -5.88514909784 -4.36302784678 -4.28392206078 -4.04899207034 -4.17794736607 -3.75977473200 -3.26121185882 -3.24348411469
# init_log_rec_devs:
 1.98506189126 1.42613750418 -0.679045062784 -0.593702281747 -0.512491625531 -0.445119006491 -0.364132540616 -0.816708876148
# log_rec_devs:
 0.855157398798 0.721393336972 1.05141145546 1.04021242046 0.448985976424 0.335685455533 0.221628684730 0.843778453411 0.899478221325 0.324208369196 1.08067019776 0.960342483246 1.21070794393 0.436063474404 -0.00759265001072 0.563741462353 -0.511002945057 -0.881634512459 0.198168954580 0.336018824913 -0.128832525015 -0.168783709501 -0.250747517192 -0.0457861534838 -0.445028271841 0.0216291980976 -0.263316153722 -0.895407855783 -0.557388346875 -0.789337998162 -0.695212940482 -0.983746638781 -1.34104374965 -0.954983704431 -0.153760953053 -0.609587259254 0.234402742750 -0.833173691969 0.0756141592880 -0.440118300678 0.394521392917 0.0764845791788 0.231592314667 -0.568846361804 0.187296483063 0.497604025320 0.422127250264 -0.387110434573 0.00724166752701 0.195449705972 0.290651636996 0.328060855134 -0.210760238660 -0.305102736268 -0.333191467544 0.245629128520 -0.842179166497 0.425926536046 -1.88281869110 0.324610103178
# log_m_nodes:
 -0.373688390957 -0.126477454671 0.264454601919 0.273100960709 -0.283219685212 -0.0556157424200 0.136256994533 -0.0128586845980 0.0408383376493 -0.111485765616 0.0398277401111 0.0444434510616
