# Number of parameters = 235  Objective function value = -1202.79  Maximum gradient component = 0.000106129
# theta[1]:
7.89533364718
# theta[2]:
0.763031009853
# theta[3]:
-0.759385738142
# theta[4]:
7.72386455762
# theta[5]:
7.08897632821
# theta[6]:
0.408476380766
# theta[7]:
1.25009048726
# sel_par[1]:
 0.995249895137 -1.21695327432
# sel_par[2]:
 1.09149214855 -1.12297781312
# sel_par[3]:
 1.54044922116 -0.946951085624 -0.0786870899629
# sel_par[4]:
 0.720275847948 -2.99573227355
# sel_par[5]:
 0.720275847948 -2.99573227355
# log_ft_pars:
 -1.01527363991 -1.15623892894 -3.00516011765 -1.21897197735 -1.06130314844 -0.525736910249 -0.213762064724 -1.18026420684 -0.715093266451 -0.525294579119 -0.678040385275 -0.515579853467 -0.390043759667 -0.379359210060 -0.461917297206 -0.360430681460 0.0391561735368 -2.93369493478 -5.32273425144 -5.53631189865 -3.79341412164 -3.22242231703 -2.83048875666 -5.27728252217 -5.74937751912 -3.37935024606 -3.49246695442 -2.71830138303 -2.62614973411 -4.22765606727 -3.49138030543 -3.58656588132 -4.87322881865 -6.88388359460 -4.77436780792 -5.64963311029 -6.19500075545 -5.32766184594 -4.86518611609 -6.45098827692 -5.59186383346 -5.29534792232 -5.78965618791 -5.31512724741 -5.60902550379 -5.77744386907 -6.21514105022 -5.34309605171 -4.81650248536 -4.98668582406 -4.98504912366 -5.12449954314 -4.94279745628 -5.00333218656 -4.90213447683 -4.70128479600 -5.49179356481 -4.61726154890 -5.13948389653 -5.09541415001 -5.34880006627 -2.19765100755 -3.58142801284 -5.23270862302 -5.38927229074 -6.51046359182 -3.68670192322 -3.86857552293 -6.82072962724 -4.25710114175 -3.65451660621 -2.52430735358 -2.90148317094 -3.33192738112 -6.44591727384 -3.51371347598 -4.49115882125 -4.46411388920 -4.78101059740 -3.78752018106 -3.70445965791 -3.50186707323 -3.61508115182 -3.02700198709 -2.91168642946 -3.41330087740 -3.51800431546 -3.14617188481 -3.20360979266 -3.02934863511 -2.96797722851 -3.26676711402 -3.01991730617 -2.66228853077 -3.58063647567 -2.88084028867 -2.91642740592 -2.99348349271 -3.84704679034 -6.01354617713 -4.98873293882 -3.56414099006 -2.20514533877 -2.02651477067 -1.79791480999 -2.02351693879 -2.22302436275 -2.32539167107 -2.61336972752 -3.37098189598 -2.73430142385 -2.41249078441 -1.66731468062 -1.69682135687 -2.07156837129 -1.69522697169 -1.96558090221 -2.03268456021 -2.00262295639 -1.74832741620 -1.89155273765 -1.90742070531 -1.76409694128 -2.22217311747 -2.46246298479 -2.25559348407 -2.10222216841 -2.31952388645 -2.29084084159 -2.18132958199 -2.06977772170 -2.17982971292 -2.67517978218 -2.18572673223 -2.15022660864 -2.24022096645 -2.77331895629 -2.55066252648 -2.54909289020 -2.39016081907
# init_log_rec_devs:
 0.642747363708 0.479832417038 -0.525244718575 -0.303195914844 -0.153292007384 -0.0710294147004 -0.0365634976210 -0.0332542101444
# log_rec_devs:
 -0.0779147731254 0.249059147272 0.509679693318 0.340247459969 -0.293799489223 -0.467869488612 -0.380241755936 0.137175782059 0.132971227348 -0.367018796763 0.311440812610 0.217029292274 0.464700296835 -0.171291745917 -0.530606575157 -0.358137053563 -0.108577565505 -0.512447785902 0.0544443474603 -0.0601156730575 -0.514387767526 -0.532553792870 -0.309592718713 -0.0775120556323 -0.516079381671 0.0738201771829 -0.0130342872473 -0.500879918270 -0.0620434632961 -0.161868750394 -0.129604637886 -0.333518692913 -0.529258820942 -0.178453901274 0.333223939461 -0.323521210278 0.493071461448 -0.686391454482 0.203959661566 -0.387723467726 0.407009877255 0.152364451046 0.382841991326 -0.384952161125 0.247050382395 0.631464364697 0.667672635502 -0.0813946668170 0.280841892539 0.451640774324 0.606011134247 0.686736181822 0.211442672724 0.236224892992 0.152504071070 0.722791284944 -0.451468207552 0.514181806100 -1.32766277588 0.536480853422 0.421839958872
# log_m_nodes:
 0.118896783424 -0.0316249462953 0.0942320747040 0.0317911227013 -0.155311198780 0.0945211224178 -0.00896696609058 -0.0299896057818 0.0266055725557 -0.0264119980252 0.0433788627317 -0.207095206799
