# Number of parameters = 236  Objective function value = -1235.42  Maximum gradient component = 0.000726577
# theta[1]:
7.87665751433
# theta[2]:
0.756918519477
# theta[3]:
-0.630185817849
# theta[4]:
7.71099408085
# theta[5]:
6.38387039982
# theta[6]:
0.416626428688
# theta[7]:
1.24419573591
# sel_par[1]:
 1.00178033240 -1.22137883491
# sel_par[2]:
 1.09580966329 -1.11074448466
# sel_par[3]:
 1.54043599197 -0.944536064132 -0.00720159838915
# sel_par[4]:
 0.720275847948 -2.99573227355
# sel_par[5]:
 0.720275847948 -2.99573227355
# log_ft_pars:
 -1.04867943944 -1.14823322833 -2.97762396721 -1.19199077993 -1.03790862992 -0.507341519821 -0.193712922906 -1.15573942629 -0.687733574248 -0.504782607020 -0.648728156917 -0.492073225198 -0.365140888763 -0.353535937766 -0.435279820551 -0.344891470808 0.0478222616575 -2.91396949442 -5.31305941993 -5.43681218992 -3.73313966785 -3.08872236802 -2.79817409113 -5.23647057936 -5.65894465364 -3.35902952014 -3.47564295971 -2.70397902339 -2.62536894196 -4.23940013029 -3.50202878736 -3.58330776792 -4.84962563948 -4.52977188772 -4.71103371444 -5.60310266655 -6.16523185557 -5.31739507109 -4.87380119765 -6.46901136096 -5.60496561318 -5.03187135586 -5.75927360974 -5.17703679501 -5.54832901344 -5.71927266171 -6.17198808275 -5.31803198569 -4.80560955724 -4.98088388577 -4.97542891358 -5.09865905799 -4.89883868601 -4.94460512961 -4.83887973665 -4.64665463486 -5.45581934952 -4.59995776359 -5.34335067857 -5.05626201796 -5.12222674016 -3.54028123072 -2.19232332193 -3.56106999837 -5.17541591174 -5.36778520662 -6.49487397220 -3.67217474015 -3.86162793287 -6.83404679512 -4.27010092964 -3.65395693165 -2.50313020740 -2.85454839159 -3.26185450824 -6.39975342384 -3.48966756126 -4.48097118048 -4.47575523386 -4.79875687615 -3.78512236195 -3.67756792927 -3.45451936112 -3.55976022106 -2.97248276585 -2.87014494638 -3.38851466487 -3.52624562277 -3.14232493981 -3.19528515107 -3.00530943730 -2.93091734448 -3.20982930546 -2.95857156032 -2.61216671200 -3.54488041180 -2.85856138786 -2.85634273155 -2.84680615102 -3.65803545372 -4.81169882992 -2.24277816177 -2.05275784264 -1.75556726177 -1.99394054510 -2.18483376704 -2.32444645983 -2.61582070115 -3.36745867101 -2.74265628119 -2.42492482292 -1.66127950436 -1.66959523307 -1.98997685441 -1.67678710217 -1.95256856772 -2.06031084738 -2.02644381255 -1.78444615938 -1.91878511484 -1.92464503584 -1.73805950568 -2.17020689290 -2.40255680771 -2.20584098947 -2.07608027715 -2.32747588062 -2.27423705544 -2.18549273080 -2.07970768014 -2.13256082950 -2.63317028493 -2.14644206376 -2.08830929836 -2.20592967862 -2.74565857859 -2.44376635206 -2.35370715726 -1.97463854153 -2.03969672629
# init_log_rec_devs:
 1.19506876899 0.809135584127 -0.681713618356 -0.485208387497 -0.322312280470 -0.205219031256 -0.131420100977 -0.178330903737
# log_rec_devs:
 0.0301709282118 0.318092644987 0.555493221277 0.352093521565 -0.294646654310 -0.472827271058 -0.390402801287 0.144011029715 0.139397357031 -0.358120825924 0.335334857967 0.234795998509 0.473841281376 -0.177467433224 -0.518853020208 -0.342054826208 -0.139861231512 -0.529915916962 0.0621575895138 -0.0773826511762 -0.514219056883 -0.548990437965 -0.309130139660 -0.0786474591531 -0.533163392468 0.0623404630277 -0.0249712111928 -0.489075208154 -0.0346829541617 -0.130061760393 -0.105923133960 -0.321123108169 -0.537632532078 -0.192297215188 0.306588219630 -0.345699622769 0.475419733492 -0.674691320791 0.236569723242 -0.347527216217 0.446310909959 0.161052493104 0.390593678528 -0.405862859545 0.219271583117 0.600946993873 0.639506188325 -0.0935700418993 0.299839170240 0.484825190160 0.632430579028 0.697518582378 0.188646525837 0.190737122173 0.104172115596 0.672336723992 -0.409287244661 0.550647332615 -1.14746442096 0.675562413107 0.403846208611 -0.538997674000
# log_m_nodes:
 0.0748208687588 -0.0272841238370 0.0939255761090 0.0202280366090 -0.151798208050 0.113161275184 -0.0363751932768 -0.00402199090101 0.00568207929066 -0.00513275031268 0.0338340190322 -0.0815564943454
