#NB The data herein were taken from a2w2010_final.dat for the HCAM model.
## ________________________
## ____Model Dimensions____
1978        #first year of data
2011        #last year of data
2           #age of youngest age class
10          #age of plus group
5           #number of gears (ngear)
##
## ------------------------------------------------------------------------- ##
## Allocation for each gear in (ngear), use 0 for survey gears.              ##
## ------------------------------------------------------------------------- ##
0.0 0.5 0.5 0.0 0.0
##
## Type of catch: an ivector based on legend below                           ##
##               1 = catch in weight                                         ##
##               2 = catch in numbers                                        ##
##               3 = catch in spawn (roe)                                    ##
## ------------------------------------------------------------------------- ##
1       1       1       1       1
##
## ________________________
## ________________________
#Age-schedule and population parameters
#natural mortality rate (m)
0.334
#growth parameters (linf,k,to)  (from fishbase)
27.0, 0.48, 0
#length-weight allometry (a,b)
4.5e-6, 3.1270
#maturity at age (am=log(3)/k) & gm=std for logistic
2.055, 0.05
## ________________________
#Time series data
#Observed catch (1951-2010, 1000s metric t)
#Year P1 P2 P3 S1 S2
1978    0 0.075 0.075    0    0
1979    0 0.422 0.270    0    0
1980    0 0.000 0.519    0    0
1981    0 0.000 0.671    0    0
1982    0 0.238 0.332    0    0
1983    0 0.000 0.163    0    0
1984    0 0.000 0.171    0    0
1985    0 0.000 0.000    0    0
1986    0 0.000 0.000    0    0
1987    0 0.000 0.000    0    0
1988    0 0.000 0.000    0    0
1989    0 0.000 0.000    0    0
1990    0 0.000 0.000    0    0
1991    0 0.000 0.000    0    0
1992    0 0.335 0.000    0    0
1993    0 0.000 0.367    0    0
1994    0 0.000 0.345    0    0
1995    0 0.088 0.000    0    0
1996    0 0.000 0.000    0    0
1997    0 0.000 0.000    0    0
1998    0 0.000 0.000    0    0
1999    0 0.000 0.000    0    0
2000    0 0.000 0.000    0    0
2001    0 0.000 0.000    0    0
2002    0 0.000 0.000    0    0
2003    0 0.000 0.000    0    0
2004    0 0.000 0.000    0    0
2005    0 0.000 0.000    0    0
2006    0 0.000 0.000    0    0
2007    0 0.000 0.000    0    0
2008    0 0.000 0.000    0    0
2009    0 0.000 0.000    0    0
2010    0 0.000 0.000    0    0
2011    0 0.000 0.000    0    0
#Relative Abundance index from fisheries independent survey (it) 1970-2008
#nit
#61
2
#nit_nobs
10      24
#survey type
## 1 = survey is proportional to vulnerable numbers
## 2 = survey is proportional to vulnerable biomass
## 3 = survey is proportional to spawning biomass (e.g., herring spawn survey)
3   3
#iyr     it gear wt     survey timing
1978  3.595    4    1    1
1979  6.909    4    1    1
1980 14.419    4    1    1
1981  1.828    4    1    1
1982  4.137    4    1    1
1983  2.720    4    1    1
1984  3.051    4    1    1
1985  1.648    4    1    1
1986  3.803    4    1    1
1987  1.372    4    1    1
1988  2.184    5    1.1666    1
1989  5.128    5    1.1666    1
1990  5.821    5    1.1666    1
1991  3.717    5    1.1666    1
1992  3.581    5    1.1666    1
1993  6.084    5    1.1666    1
1994  5.707    5    1.1666    1
1995  3.254    5    1.1666    1
1996  1.333    5    1.1666    1
1997  2.354    5    1.1666    1
1998  2.553    5    1.1666    1
1999  1.054    5    1.1666    1
2000  1.576    5    1.1666    1
2001  0.544    5    1.1666    1
2002  1.075    5    1.1666    1
2003  1.147    5    1.1666    1
2004  1.532    5    1.1666    1
2005  2.209    5    1.1666    1
2006  2.295    5    1.1666    1
2007  2.592    5    1.1666    1
2008  1.093    5    1.1666    1
2009  1.498    5    1.1666    1
2010  0.957    5    1.1666    1
2011  0.818    5    1.1666    1
#Age composition data by year, gear (ages 2-15+)
#na_gears
2
#na_nobs
31  6
#a_sage
2   2
#a_page
10  10
#yr gear        V2   V3   V4   V5  V6  V7  V8 V9 V10  #Number aged.
1978 2  1   38   4  14  12   2  0  0  0
1979 2  1   10  55  10   2   1  1  0  0
1980 2 20  229  25   4   0   0  1  0  0
1981 2 15   99 435  63  98  11  0  0  0
1982 2  7  370 105 439  43  84  8  1  0
1983 2  4   21  32  11  29   0  4  0  0
1986 2  6   64 172   7   4   5  7  6  0
1987 2 48   78  45 100   3   0  3  1  4
1988 2  8  232  41  23  57   6  3  0  1
1989 2  1   59 268  38  39  53  6  2  0
1990 2 17  210 132 367  54  66 72  6  2
1991 2 33  145  33  38  83  10 18  8  0
1992 2 49 1004 158  48  41  71 14 18  6
1993 2 72  228 248  32  10   9 32  2  3
1994 2 14  300 232 292  52  20 27  5  2
1995 2 24   91 504 348 352  59 19 23  6
1996 2 58  140  45 119 101  84 18  2  2
1997 2 23  441  42   9  23  27  9  0  0
1998 2  4  112 140  14   1   8  7  2  0
1999 2 59  213 257 189  31   4  4  2  1
2000 2 15  355 158  63  49   8  1  3  0
2001 2 13   41  70  25  24  19  2  1  0
2002 2 35  293  73  47   3  11  4  1  0
2003 2  3  295 214  36  23   1  4  1  0
2004 2  5   83 209  76   4   6  3  0  0
2005 2  1   97  43  23  13   1  1  0  0
2007 2  5  209 140  72  16  10  1  0  0
2008 2  6   12 218  80  44   5  1  0  0
2009 2  9  448  73 143  23  18  0  1  0
2010 2 15   35 154  25  36   6  7  0  0
2011 2  6  105  64  74   8  10  2  1  0
1979 3  0    0  29  12  12   7  0  0  0
1982 3  0    0   5  30   8  18  2  0  0
1983 3  0    0   7  12  50   2  9  0  0
1984 3  0    0  18 182  72 144 11  5  0
1993 3  0   17 276  73  41  39 60  5  6
1994 3  0    6  91 287  46  16 18  2  3
#n_wt_obs
34
#Mean weight-at-age in kilograms (interpolated: from HCAM.rep)
#A$yr     V1     V2     V3     V4     V5     V6     V7     V8     V9
1978 0.0550 0.0778 0.1035 0.1311 0.1539 0.1520 0.1768 0.2015 0.2289
1979 0.0350 0.0827 0.1028 0.1254 0.1360 0.1510 0.1780 0.2015 0.2289
1980 0.0679 0.0833 0.0977 0.1218 0.1559 0.1657 0.1610 0.2015 0.2289
1981 0.0643 0.0928 0.1115 0.1288 0.1379 0.1498 0.1768 0.2015 0.2289
1982 0.0561 0.0929 0.1096 0.1263 0.1358 0.1469 0.1661 0.1450 0.2289
1983 0.0508 0.0884 0.1060 0.1141 0.1275 0.1657 0.1365 0.2015 0.2289
1984 0.0585 0.0932 0.1173 0.1357 0.1559 0.1657 0.1768 0.2015 0.2289
1985 0.0585 0.0932 0.1173 0.1357 0.1559 0.1657 0.1768 0.2015 0.2289
1986 0.0678 0.1139 0.1375 0.1560 0.1958 0.2048 0.1987 0.2267 0.2289
1987 0.0671 0.1072 0.1508 0.1645 0.1827 0.1657 0.2113 0.2330 0.1958
1988 0.0625 0.1002 0.1368 0.1537 0.1782 0.1897 0.1863 0.2015 0.2620
1989 0.0430 0.1039 0.1376 0.1770 0.1994 0.2127 0.1977 0.2495 0.2034
1990 0.0628 0.1014 0.1380 0.1705 0.1969 0.2162 0.2264 0.2417 0.2345
1991 0.0649 0.0944 0.1192 0.1528 0.1738 0.2005 0.2063 0.2045 0.2034
1992 0.0605 0.1020 0.1328 0.1538 0.1821 0.2035 0.2212 0.2344 0.2518
1993 0.0583 0.0894 0.1190 0.1277 0.1747 0.1848 0.1971 0.1560 0.2130
1994 0.0699 0.0948 0.1112 0.1361 0.1547 0.1680 0.1857 0.1882 0.1830
1995 0.0601 0.0998 0.1167 0.1309 0.1514 0.1682 0.1748 0.2007 0.1853
1996 0.0526 0.0907 0.1126 0.1344 0.1425 0.1643 0.1688 0.1910 0.1835
1997 0.0476 0.0820 0.1092 0.1328 0.1336 0.1494 0.1579 0.1808 0.2034
1998 0.0435 0.0751 0.0972 0.0993 0.1240 0.1328 0.1530 0.1490 0.2034
1999 0.0487 0.0720 0.0891 0.1064 0.1054 0.1390 0.1243 0.1750 0.1730
2000 0.0531 0.0798 0.0888 0.1130 0.1342 0.1356 0.1500 0.1343 0.2034
2001 0.0509 0.0743 0.0911 0.1024 0.1108 0.1142 0.1135 0.1210 0.2034
2002 0.0845 0.0917 0.0989 0.1230 0.0963 0.1192 0.1450 0.1650 0.2034
2003 0.0567 0.0995 0.1070 0.1149 0.1328 0.1490 0.1628 0.1490 0.2034
2004 0.0546 0.0816 0.1013 0.1052 0.1288 0.1277 0.1163 0.1808 0.2034
2005 0.0340 0.0684 0.0775 0.1084 0.1340 0.1300 0.1540 0.1808 0.2034
2006 0.0544 0.0845 0.1026 0.1217 0.1369 0.1505 0.1594 0.1808 0.2034
2007 0.0556 0.0675 0.0744 0.0903 0.1003 0.1171 0.1290 0.1808 0.2034
2008 0.0472 0.0660 0.0791 0.0882 0.0960 0.1114 0.1060 0.1808 0.2034
2009 0.0446 0.0735 0.0729 0.1005 0.1131 0.1141 0.1594 0.1540 0.2034
2010 0.0507 0.0677 0.0821 0.0882 0.0919 0.1037 0.0999 0.1808 0.2034
2011 0.0452 0.0642 0.0741 0.0916 0.1000 0.1020 0.1235 0.0580 0.2034
#eof
999
