# Number of parameters = 205  Objective function value = -688.173  Maximum gradient component = 0.000351152
# theta[1]:
5.41572988124
# theta[2]:
0.755063827529
# theta[3]:
-1.26304163413
# theta[4]:
4.72682735871
# theta[5]:
4.39514030237
# theta[6]:
0.352460884559
# theta[7]:
0.789286262819
# sel_par[1]:
 1.62431622684 0.146996844228
# sel_par[2]:
 1.10857939589 -1.13207977173
# sel_par[3]:
 -0.373183717306 -0.510029851894
# sel_par[4]:
 0.720275847948 -2.99573227355
# sel_par[5]:
 0.720275847948 -2.99573227355
# log_ft_pars:
 0.331028397727 0.908063393888 -2.19724112654 0.470115407440 0.271617083417 -0.310462175134 1.04118012160 -0.766018473547 -0.488505369482 -0.256210841811 0.410362350805 -0.124346177589 0.277353546637 0.195386118044 0.872226064018 0.888690874126 1.08019854841 -0.0411538546993 -1.39460858013 -0.501915814611 -2.20328974595 -3.70258666104 -4.13905655505 -4.37691672099 -3.43591975087 -2.97660570575 -1.07504333332 -1.37421471799 -2.22303985399 -1.51750440961 -1.73037984921 -4.70632890274 -4.42171272232 -4.20036442396 -5.22762784846 -5.52803399995 -5.47124448964 -5.94903033591 -4.77326567904 -1.27711263650 -2.24763439934 -2.08735680938 -2.46792200378 -1.89484774018 -1.16709392797 -1.89577250069 -1.93626979733 -1.82451792405 -2.53549115193 -4.50952886070 -2.78014383112 -2.33495921249 -2.17261060756 -2.65385738262 -2.07321361123 -1.89826111617 -2.24804221904 -2.76270390645 -3.03753136144 -2.43771764198 -2.10756115786 -3.20319136164 -4.40985249617 -2.65046924281 -2.90129445076 -2.14909648676 -2.64846233469 -2.33511314834 -2.12518835584 -2.53027088663 -3.31609031341 -2.85876857154 -3.10674191940 -2.61368958080 -7.45351921237 -1.83912116821 -6.88817484204 -4.03138422959 -2.22771570934 -1.11702253182 -1.52169462528 -1.51255347195 -2.68963589557 -1.98252399427 -1.47732086040 -1.36805202470 -1.33804734529 -1.12384632555 -0.829792065863 -1.47770848688 -1.55266037916 -0.964470974483 -0.781412440018 -1.30562320634 -1.99117200152 -1.21469147258 -0.260902722939 -0.430930846120 -1.18005619121 -0.667061995438 -1.05464331689 -0.517093442424 -0.0802143332404 0.150750037362 0.444980343044 0.641584011122 0.571364588936 1.11984545742 1.74357860183 2.10413428697 2.99999993849
# init_log_rec_devs:
 1.94839883823 2.33833236680 1.00689202947 0.397560736712 -1.34645477750 -1.24908538327 -1.13364233344 -1.96200140354
# log_rec_devs:
 0.859782025052 0.559211659112 1.24311966139 -0.227545904119 0.740407577248 0.000855854519179 0.558667651805 1.20653611158 -0.112714006045 1.96976797442 1.10586375544 0.433597063078 1.98915984685 0.000874008511072 -0.280018944214 0.261086938620 -0.683800231609 -1.20185423104 -0.272597675918 -0.0402091114038 -0.855988543393 -0.142141079950 -0.220633361587 -0.473259574434 -1.07051321475 -0.743240280966 -1.47126520249 -1.66799372776 0.0172680653313 -0.842472800797 -0.744033632532 -0.300812074329 0.605168842669 -0.377754630849 -0.430064529790 0.551553957988 0.278597822372 -0.205480787226 -0.852800758641 0.504953162288 0.480239115659 -0.571190041785 -1.36223285641 -0.680225832467 0.525113044607 -0.274026557455 0.152671791118 -1.03090366839 -0.106876013882 0.313168210720 -0.167026666656 0.948214699617 -0.914427608052 -0.126862660834 -0.305607014240 0.690767462739 -0.354238011172 -0.144998735828 0.0952573275970 0.515024471131 2.64888192358
# log_m_nodes:
 -0.327932485688 -0.0501236398102 0.184174878486 0.0837374259694 -0.160117994246 -0.0468606694804 0.153588509912 -0.0235578759632 0.0283516763262 0.0583303500442 0.0625000830109 0.113488845370
