# Number of parameters = 200  Objective function value = -827.609  Maximum gradient component = 0.000413827
# theta[1]:
6.31164628281
# theta[2]:
0.633569230164
# theta[3]:
-1.14031886198
# theta[4]:
5.65741313202
# theta[5]:
5.31673801938
# theta[6]:
0.304347800000
# theta[7]:
0.869565200000
# sel_par[1]:
 1.96779644994 0.281910607957
# sel_par[2]:
 1.42417945399 -0.428556144820
# sel_par[3]:
 -0.300886599244 -1.97441125251
# sel_par[4]:
 0.720275847948 -2.99573227355
# sel_par[5]:
 0.720275847948 -2.99573227355
# log_ft_pars:
 0.973633331509 1.48984736378 -1.71228029534 1.00919005576 0.835197555784 0.223707445446 1.53462191550 -0.400355264581 -0.0994492648706 0.157068200117 0.816018588800 0.295949688288 0.699851170338 0.616808729876 1.39067230406 1.28862609582 1.25259587238 0.0620552151926 -1.12727396352 -0.156400336436 -1.83940334546 -3.36967079697 -3.84833544144 -4.09687717982 -3.18043306429 -2.75040682496 -0.857075610122 -1.19619855416 -2.10804623632 -1.43758928457 -1.69235116095 -4.73315250610 -4.45004750376 -4.24976930775 -5.30961504729 -5.61895305242 -5.55018144381 -6.04819981548 -4.87873902751 -1.18113277575 -2.24095469123 -2.04429168049 -2.47409661240 -1.95924785540 -1.22840403292 -1.91628100417 -2.06169290460 -1.84894668648 -2.60894176107 -4.80090351671 -2.97993470672 -2.55798752399 -2.55257240845 -2.97609350238 -2.30583088277 -2.18815793442 -2.63872252197 -3.10551440221 -3.28512746724 -2.76650985346 -2.57350181298 -3.70556546186 -4.86045673525 -3.13253540254 -3.30358797520 -2.61753084079 -3.06955920480 -2.76896179350 -2.63776025477 -3.00663337606 -3.70147244278 -3.44288030170 -3.85164341263 -7.38655493239 -1.82119317362 -6.90282838500 -4.07051793962 -2.26122096983 -1.12259534929 -1.56122183924 -1.56380827038 -2.80641679845 -2.18818813567 -1.66523822943 -1.63404346312 -1.64926784960 -1.40372551372 -1.10795399665 -1.78515090895 -1.84264691359 -1.21369400051 -1.06707879334 -1.65526794547 -2.33570616013 -1.48491814941 -0.538271728301 -0.812803709249 -1.62737906207 -1.17165571516 -1.59354008337 -1.10949527817 -0.877139565632 -0.905930643484 -0.967088237720 -1.12239346186 -1.47323140126 -1.18285579430 -1.08320916596 -1.50999127096
# init_log_rec_devs:
 1.33545752579 1.84916528614 0.814765131783 0.224179518647 -1.21136938447 -1.02614239977 -0.832698461650 -1.15335714431
# log_rec_devs:
 0.156351797205 -0.156525617729 0.585462086086 -0.804355187727 0.110418900539 -0.504087930263 0.113342276651 0.752359900842 -0.538658117156 1.52348303687 0.725849578580 0.0987334394886 1.60690983111 -0.406076626890 -0.734497769836 0.103028291110 -0.877124522892 -1.39817489138 -0.538143888096 -0.0306688640680 -1.01366661968 -0.342479206549 -0.301032726351 -0.657161675207 -1.56785806539 -1.15622307920 -1.69148184941 -1.90880678151 -0.150347344782 -0.674655297015 -0.645625069979 -0.240792148998 0.774655800226 -0.149391758381 -0.354672784031 0.670872516259 0.344119576396 0.0776616834776 -0.599386677329 0.876697986535 0.649243969790 -0.0651147112928 -0.788865515800 -0.141749977259 1.01187876693 0.227989939664 0.727785531190 -0.345234094580 0.490718134786 1.05095461646 0.503475138756 1.68750609193 -0.123973463967 0.445408915474 0.339953286303 1.49083243981 0.142373777811 0.394427028637 0.927910971104 0.296426694210
# log_m_nodes:
 -0.142984579151 0.0198697081990 0.131895143609 0.0345854509722 -0.117447885299 -0.0296723417779 0.105222906223 0.00168744141174 0.0193159103247 0.0519227089159 0.0185630969407 -0.104247101101
