# Number of parameters = 183  Objective function value = -834.690  Maximum gradient component = 3.63788e-05
# theta[1]:
6.58996169419
# theta[2]:
0.734959338459
# theta[3]:
-0.555154158175
# theta[4]:
6.36173757126
# theta[5]:
5.68929163309
# theta[6]:
0.420897999705
# theta[7]:
1.11768536478
# sel_par[1]:
 1.04535074478 -0.997498237956
# sel_par[2]:
 1.10606373400 -1.11382974984
# sel_par[3]:
 1.55506096199 -0.793960202201 -0.0205897530324
# sel_par[4]:
 0.720275847948 -2.99573227355
# sel_par[5]:
 0.720275847948 -2.99573227355
# log_ft_pars:
 -0.875287202853 -0.243474751879 -7.42059077774 -0.114255360772 -1.69427475412 -0.849039498310 -2.96901932083 -4.79372796711 0.150825536781 0.588938824106 0.167597866543 -0.406725099640 -0.656036893482 -0.598172182302 -0.684549459796 -0.466790861804 0.201054701509 -11.6521222357 -8.10016741144 -3.39258912569 -6.90931546719 -10.7155892730 -10.4234803156 -11.0075908038 -11.2879660160 -11.3054777454 -9.76861396078 -11.0591185587 -2.26105432106 -1.47600350156 -1.84942321255 -1.81691102327 -1.55832599629 -1.66386850400 -2.74544839651 -2.04879453609 -3.87530246521 -2.84444193896 -3.31391197947 -2.03025773676 -1.92854983895 -5.68982716747 -5.89296065555 -1.75288874872 -2.44363478608 -2.33058658076 -2.40775835981 -2.43754028998 -3.28950632323 -2.75874103373 -2.69071288764 -3.55604774606 -4.28725667378 -2.38006269687 -2.50651430922 -2.71051023223 -3.87327925223 -4.59457822622 -2.74774958361 -1.89648589602 -1.46358113935 -3.13762415348 -2.31050697906 -1.85458815433 -1.27389951044 -1.53518250514 -1.18886437752 -1.74343345450 -3.06296407745 -2.72596798441 -2.53089754629 -2.58500054581 -3.23958358060 -2.66358277911 -3.32737138213 -2.53810490964 -3.40164689869 -3.09296938639 -4.30937530771 -4.18516992393 -2.86967516273 -3.44506019749 -3.71367332977 -3.85973012552 -2.78083263694 -2.92707258493 -1.97132259315
# init_log_rec_devs:
 0.645871047917 1.34564228849 -0.706669628322 -0.489226747208 -0.320795279842 -0.198088764016 -0.120967577996 -0.155765327526
# log_rec_devs:
 -0.265026161843 0.185044819126 0.359374054624 -0.171719911421 0.0960185603010 0.360177782387 0.135442956836 0.495806375171 0.161782373847 -0.167110844416 0.622925532333 -0.254156380489 0.452550312239 -0.136645082064 -1.20449672210 -0.0182509606099 0.0768332578988 -0.526328685193 0.179521364597 0.487415429327 0.145775640293 0.0368839589812 0.182777059154 0.493444017165 -0.294700044164 -0.471300392731 0.209269072866 -0.609254662233 0.403084470001 0.342048672249 -0.152790790803 -0.375641817818 0.0675371273860 0.688814986525 0.730325333164 -0.325783740284 1.10799155803 -0.420295020915 -0.131123202377 -0.447282228548 0.607388322508 0.154482666956 0.0701780852761 -0.619017815273 -0.252699054199 1.06268228614 0.190602247654 -0.269121077988 -0.0118430375377 0.253836838521 0.610483319943 0.556733411506 -0.0541820927929 -0.0349365292572 -0.362790530392 0.0616202128775 -0.712889892321 -0.105508148738 -0.894156824757 -0.00494209662545 -0.897633752411 -1.39722458256
# log_m_nodes:
 -0.00495045643515 -0.0827168334683 0.149877008717 -0.0427261099556 -0.198540030563 0.246113591915 -0.0979573608437 0.0233132689289 0.0343006426480 0.0845946690447 -0.0216981415828 -0.216471349097
