#JSC: All data were updated Aug 14, 2012.
## ________________________
## ____Model Dimensions____
1951		#first year of data
2012		#last year of data
2			#age of youngest age class
10			#age of plus group
5			#number of gears (ngear)
## flags for fishery (1) or survey (0) in ngears
0	0.857	0.143	0	0	#20-year average catch values (2012)
#0	0.828	0.172	0  0		#20-year average catch values (2011)
## NEW: Catch type
## 1 = biomass
## 2 = catch in numbers
## 3 = roe removed (expressed as tons of spawning biomass equivalents)
1     1     1     1     1
## ________________________
##
## ________________________
#Age-schedule and population parameters
#natural mortality rate (m)
0.334
#growth parameters (linf,k,to)  (from fishbase)
27.0, 0.48, 0
#length-weight allometry (a,b)
4.5e-6, 3.1270
#maturity at age (am=log(3)/k) & gm=std for logistic
2.055, 0.05
## ________________________
##
#Time series data
#Observed catch (1951-2012, metric t)
#yr		p1	p2	p3	 survey
1951	21.821	0.000	0.000	0	0
1952	27.008	0.000	0.000	0	0
1953	0.020	0.000	0.000	0	0
1954	33.209	0.000	0.000	0	0
1955	6.123	0.000	0.000	0	0
1956	17.098	0.000	0.000	0	0
1957	2.612	0.000	0.000	0	0
1958	0.556	0.000	0.000	0	0
1959	69.223	0.000	0.000	0	0
1960	53.911	0.000	0.000	0	0
1961	26.435	0.000	0.000	0	0
1962	23.684	0.000	0.000	0	0
1963	18.206	0.000	0.000	0	0
1964	21.266	0.000	0.000	0	0
1965	16.046	0.000	0.000	0	0
1966	10.843	0.000	0.000	0	0
1967	15.145	0.000	0.000	0	0
1968	0.000	0.000	0.000	0	0
1969	0.000	0.000	0.000	0	0
1970	0.000	0.000	0.000	0	0
1971	0.000	0.000	0.000	0	0
1972	0.000	6.894	0.000	0	0
1973	0.000	16.766	1.537	0	0
1974	0.000	12.394	3.940	0	0
1975	0.001	17.798	8.309	0	0
1976	0.000	22.820	16.005	0	0
1977	0.029	17.458	12.556	0	0
1978	2.839	5.151	14.755	0	0
1979	0.084	10.472	8.138	0	0
1980	0.000	1.682	2.300	0	0
1981	0.002	5.008	3.079	0	0
1982	0.002	2.370	3.115	0	0
1983	0.000	6.141	2.434	0	0
1984	0.000	5.718	0.858	0	0
1985	0.001	0.177	0.000	0	0
1986	0.001	0.203	0.000	0	0
1987	0.000	13.463	2.471	0	0
1988	0.000	8.276	1.448	0	0
1989	0.000	9.774	3.515	0	0
1990	0.000	7.890	1.959	0	0
1991	0.000	6.299	2.336	0	0
1992	0.000	3.086	0.627	0	0
1993	0.000	5.612	0.000	0	0
1994	0.001	5.332	0.706	0	0
1995	0.004	1.947	0.000	0	0
1996	0.001	0.790	0.000	0	0
1997	0.000	6.656	0.000	0	0
1998	0.000	5.450	1.534	0	0
1999	0.000	3.405	0.968	0	0
2000	0.000	0.926	0.700	0	0
2001	0.000	0.000	0.000	0	0
2002	0.000	0.433	0.388	0	0
2003	0.000	2.571	0.945	0	0
2004	0.000	3.861	0.593	0	0
2005	0.000	3.373	0.896	0	0
2006	0.000	0.000	0.000	0	0
2007	0.000	0.000	0.000	0	0
2008	0.000	0.000	0.000	0	0
2009	0.000	0.000	0.000	0	0
2010	0.000	0.000	0.000	0	0
2011	0.000	0.000	0.000	0	0
2012	0.000	0.000	0.000	0	0
#Relative Abundance index from fisheries independent survey (it) 1970-2008
#nit
2
#nit_nobs
37		25
#survey type
## 1 = survey is proportional to vulnerable numbers
## 2 = survey is proportional to vulnerable biomass
## 3 = survey is proportional to spawning biomass (e.g., herring spawn survey)
3	3
#iyr     it gear wt		survey timing
1951	19.597	4	1	1
1952	13.31	4	1	1
1953	39.571	4	1	1
1954	20.648	4	1	1
1955	15.112	4	1	1
1956	27.183	4	1	1
1957	44.114	4	1	1
1958	18.986	4	1	1
1959	12.979	4	1	1
1960	6.015	4	1	1
1961	10.556	4	1	1
1962	34.47	4	1	1
1963	11.245	4	1	1
1964	22.761	4	1	1
1965	11.891	4	1	1
1966	3.722	4	1	1
1967	4.813	4	1	1
1968	11.029	4	1	1
1969	10.465	4	1	1
1970	26.912	4	1	1
1971	36.206	4	1	1
1972	41.857	4	1	1
1973	19.481	4	1	1
1974	25.54	4	1	1
1975	49.149	4	1	1
1976	64.2	4	1	1
1977	58.679	4	1	1
1978	45.607	4	1	1
1979	66.397	4	1	1
1980	62.308	4	1	1
1981	52.014	4	1	1
1982	33.047	4	1	1
1983	16.771	4	1	1
1984	23.872	4	1	1
1985	30.01	4	1	1
1986	39.514	4	1	1
1987	16.858	4	1	1
1988	46.242	5	1	1
1989	47.718	5	1	1
1990	46.464	5	1	1
1991	29.996	5	1	1
1992	42.366	5	1	1
1993	34.408	5	1	1
1994	25.249	5	1	1
1995	27.128	5	1	1
1996	33.121	5	1	1
1997	45.362	5	1	1
1998	41.011	5	1	1
1999	19.734	5	1	1
2000	12.799	5	1	1
2001	13.414	5	1	1
2002	21.242	5	1	1
2003	29.279	5	1	1
2004	15.368	5	1	1
2005	8.997	5	1	1
2006	2.705	5	1	1
2007	2.089	5	1	1
2008	2.548	5	1	1
2009	9.876	5	1	1
2010	2.373	5	1	1
2011	9.196	5	1	1
2012	5.243	5	1	1
#
#Age composition data by year, gear (ages 2-15+)
#na_gears
3
#na_nobs
43	41	26
#a_sage
2	2	2
#a_page
10	10	10
#
#yr gear   		V2   V3   V4   V5  V6  V7  V8 V9 V10  #Number aged.
1951	1	508	1519	1666	272	58	12	1	1	0
1952	1	97	1431	1224	1809	241	72	16	2	0
1953	1	465	2220	1086	65	19	2	0	0	0
1954	1	163	3852	1681	338	42	9	5	1	1
1955	1	418	1471	484	86	16	1	0	0	0
1956	1	575	2990	743	282	52	7	2	2	0
1957	1	16	423	146	2	1	0	0	0	0
1958	1	193	770	376	81	34	20	5	1	0
1959	1	148	1607	993	519	140	88	74	21	3
1960	1	254	1561	662	246	80	27	10	4	2
1961	1	226	224	113	26	1	0	0	0	0
1962	1	56	957	112	28	10	0	0	0	0
1963	1	37	804	907	96	14	4	0	0	0
1964	1	16	677	284	118	9	3	0	0	0
1965	1	18	269	372	75	27	3	0	0	0
1966	1	1	101	78	53	6	3	0	0	0
1971	1	25	193	160	34	12	7	2	0	0
1976	1	1	31	116	40	13	11	1	0	0
1978	1	0	180	156	105	106	20	6	4	2
1981	1	16	155	126	80	101	50	27	8	1
1984	1	2	42	10	2	1	3	0	0	0
1988	1	22	239	78	104	43	4	5	1	0
1989	1	89	67	277	51	53	21	7	2	0
1990	1	2	32	25	150	37	40	8	1	1
1991	1	163	133	147	45	86	6	6	2	0
1992	1	38	274	51	22	5	5	1	1	0
1993	1	70	57	126	35	52	22	39	7	3
1994	1	5	165	184	168	50	34	18	7	1
1995	1	76	178	148	51	70	23	20	8	0
1996	1	85	85	44	51	10	17	8	2	1
1997	1	0	81	47	23	48	24	21	6	1
1998	1	0	81	235	53	8	30	19	15	1
1999	1	77	125	82	25	3	0	0	0	0
2000	1	21	375	105	66	36	2	1	0	0
2001	1	113	510	297	99	62	40	9	0	1
2002	1	129	736	267	107	43	38	16	4	0
2003	1	110	189	203	60	13	6	3	1	0
2006	1	168	161	218	103	67	28	7	1	0
2007	1	117	44	10	0	0	0	0	0	0
2008	1	196	49	211	76	15	1	1	0	0
2009	1	2	354	47	48	5	4	4	0	0
2010	1	57	50	196	14	9	4	0	0	0
2011	1	146	690	116	193	24	5	1	0	0
1972	2	50	279	716	356	51	18	11	1	0
1973	2	18	776	620	817	276	40	7	2	0
1974	2	433	2324	1290	731	476	120	12	2	1
1975	2	60	5405	1983	1140	804	498	128	17	1
1976	2	19	818	4332	1828	1196	746	251	40	0
1977	2	35	830	2077	2487	828	294	112	18	3
1978	2	63	3164	1407	1177	1294	287	87	14	5
1979	2	30	513	1848	525	398	293	59	19	4
1980	2	232	1640	582	747	238	198	82	13	2
1981	2	232	1868	1423	499	603	261	103	29	7
1982	2	156	1144	1309	1244	260	454	130	65	5
1983	2	135	719	696	699	562	142	172	34	26
1984	2	669	1146	418	282	309	182	33	33	5
1985	2	613	1606	426	111	82	95	51	4	6
1986	2	157	2094	1233	344	130	93	73	24	3
1987	2	783	863	1709	1053	351	123	71	52	13
1988	2	193	4587	584	1110	738	209	55	33	15
1989	2	155	960	3693	450	534	271	44	10	3
1990	2	33	1856	849	3233	307	406	125	16	4
1991	2	482	1565	1543	780	2420	220	251	48	2
1992	2	104	2960	662	827	362	1029	129	75	12
1993	2	214	1528	2255	380	416	226	423	51	27
1994	2	183	1407	1485	1875	492	311	330	98	15
1995	2	44	667	1304	1087	1335	348	226	166	31
1996	2	1088	1535	924	1471	961	975	206	85	42
1997	2	145	4109	487	266	402	294	198	32	20
1998	2	123	1224	3239	347	155	176	104	60	11
1999	2	65	960	1044	1641	325	112	63	31	14
2000	2	284	1170	984	894	1374	196	67	35	9
2001	2	165	1074	475	197	178	222	31	5	3
2002	2	348	2658	1136	371	140	157	131	15	1
2003	2	96	2191	2042	705	135	62	42	33	4
2004	2	390	1295	2431	1002	283	64	21	11	0
2005	2	157	1655	939	680	237	71	12	2	3
2006	2	174	430	387	91	62	9	1	0	0
2007	2	7	303	211	66	11	4	0	0	0
2008	2	54	255	559	119	32	8	6	1	1
2009	2	44	1202	283	230	41	10	0	0	0
2010	2	211	577	839	105	88	14	2	0	0
2011	2	62	806	270	123	12	6	0	0	0
2012	2	19	168	561	93	53	6	3	0	0
1973	3	0	49	131	286	68	17	4	1	0
1974	3	0	46	43	43	16	6	0	0	0
1975	3	0	7	78	88	48	19	1	0	0
1976	3	0	8	495	408	179	73	31	4	1
1977	3	2	12	58	144	56	37	17	5	1
1978	3	0	6	23	90	207	74	20	1	1
1979	3	0	5	118	136	113	86	15	2	1
1980	3	0	0	19	188	80	43	26	1	1
1981	3	0	5	59	42	102	53	20	0	0
1982	3	0	4	69	254	67	158	19	2	1
1983	3	0	2	81	136	256	37	56	2	1
1984	3	0	10	40	107	194	190	32	20	1
1987	3	0	10	135	340	30	12	16	5	2
1988	3	0	25	33	192	133	60	14	6	2
1989	3	0	1	208	42	85	36	6	4	0
1990	3	0	6	35	307	37	46	11	3	0
1991	3	0	1	21	39	198	21	25	2	0
1992	3	0	35	75	171	77	166	16	14	2
1994	3	1	35	199	340	33	7	4	1	0
1998	3	0	5	344	99	87	181	111	51	19
1999	3	0	9	113	612	193	58	38	18	2
2000	3	0	8	47	169	330	39	16	14	1
2002	3	0	0	55	154	82	110	120	12	2
2003	3	0	13	87	159	99	49	64	25	3
2004	3	0	5	179	154	158	92	24	14	5
2005	3	0	4	54	249	119	53	19	1	1
#n_wt_obs
62
#Mean weight-at-age in kilograms (interpolated: from HCAM.rep)
#A$yr     V1     V2     V3     V4     V5     V6     V7     V8     V9
1951	0.0503	0.0873	0.1144	0.1339	0.1489	0.16	0.205	0.196	0.1586
1952	0.0536	0.0896	0.1144	0.1386	0.1569	0.1699	0.1781	0.19	0.1586
1953	0.0446	0.0799	0.1001	0.121	0.1473	0.1455	0.1594	0.1656	0.1586
1954	0.0542	0.0854	0.1056	0.1258	0.1474	0.1658	0.155	0.1656	0.1586
1955	0.0579	0.0827	0.107	0.1249	0.1514	0.131	0.1594	0.1656	0.1586
1956	0.0577	0.086	0.1064	0.1192	0.1389	0.144	0.1594	0.14	0.1586
1957	0.0543	0.0775	0.1016	0.1139	0.136	0.144	0.142	0.14	0.1586
1958	0.0503	0.0693	0.0965	0.1093	0.1248	0.1281	0.1383	0.169	0.1586
1959	0.0508	0.0808	0.097	0.113	0.1241	0.1332	0.1371	0.1499	0.1527
1960	0.0594	0.0897	0.106	0.1212	0.1336	0.1446	0.1604	0.1745	0.1645
1961	0.0583	0.0908	0.1159	0.141	0.173	0.1484	0.1594	0.1656	0.1586
1962	0.0567	0.0922	0.1093	0.1241	0.1282	0.1484	0.1594	0.1656	0.1586
1963	0.0562	0.0883	0.1116	0.1222	0.1366	0.1448	0.1594	0.1656	0.1586
1964	0.065	0.0931	0.1145	0.1362	0.1452	0.13	0.1594	0.1656	0.1586
1965	0.0683	0.104	0.1292	0.1474	0.1733	0.158	0.1594	0.1656	0.1586
1966	0.042	0.1128	0.1351	0.1489	0.1627	0.1793	0.1594	0.1656	0.1586
1967	0.0549	0.088	0.1102	0.1275	0.1455	0.1484	0.1594	0.1656	0.1586
1968	0.0549	0.088	0.1102	0.1275	0.1455	0.1484	0.1594	0.1656	0.1586
1969	0.0549	0.088	0.1102	0.1275	0.1455	0.1484	0.1594	0.1656	0.1586
1970	0.0639	0.0949	0.1248	0.1501	0.1697	0.1844	0.1957	0.2034	0.2082
1971	0.064	0.1174	0.1485	0.166	0.1689	0.1991	0.2175	0.2034	0.2082
1972	0.0642	0.1036	0.1382	0.1596	0.1737	0.1807	0.2032	0.16	0.2082
1973	0.0633	0.1037	0.1349	0.1598	0.1836	0.1924	0.1903	0.254	0.2082
1974	0.0617	0.0854	0.1234	0.1487	0.1717	0.1856	0.1836	0.2175	0.231
1975	0.0547	0.0918	0.1279	0.1652	0.1893	0.2071	0.2202	0.2406	0.207
1976	0.0536	0.0873	0.1202	0.1518	0.1811	0.1951	0.2112	0.2223	0.2082
1977	0.0628	0.0885	0.1253	0.1435	0.1695	0.1828	0.1918	0.1962	0.2153
1978	0.0591	0.0797	0.1082	0.1341	0.1539	0.1736	0.1883	0.2038	0.2244
1979	0.0621	0.0831	0.1104	0.1412	0.1672	0.1835	0.2003	0.2034	0.1995
1980	0.0669	0.0825	0.1079	0.1314	0.159	0.1789	0.1928	0.2083	0.218
1981	0.063	0.0906	0.1104	0.1377	0.1527	0.1755	0.183	0.1879	0.1891
1982	0.0708	0.0892	0.1094	0.1251	0.1423	0.15	0.1712	0.1795	0.1774
1983	0.0611	0.0938	0.119	0.1405	0.1552	0.166	0.1737	0.1954	0.1936
1984	0.0692	0.1013	0.1306	0.1535	0.1662	0.1767	0.1863	0.1891	0.2112
1985	0.0694	0.1016	0.1351	0.1609	0.1818	0.1857	0.2076	0.1848	0.1997
1986	0.0683	0.1028	0.1311	0.1601	0.1809	0.1919	0.1984	0.2045	0.2217
1987	0.0695	0.1026	0.1367	0.1634	0.181	0.2001	0.203	0.205	0.2139
1988	0.0679	0.1033	0.1302	0.1597	0.1775	0.1952	0.2019	0.2062	0.2138
1989	0.0649	0.0967	0.1268	0.1476	0.17	0.1869	0.1936	0.1966	0.205
1990	0.062	0.1008	0.1295	0.1542	0.1721	0.1881	0.1993	0.2148	0.1963
1991	0.0662	0.0942	0.1235	0.1412	0.1608	0.1773	0.1858	0.1978	0.2065
1992	0.0687	0.1006	0.1256	0.1493	0.1638	0.1773	0.1879	0.1973	0.2082
1993	0.0685	0.0973	0.1217	0.1406	0.1593	0.1694	0.1784	0.1873	0.1979
1994	0.0648	0.0949	0.1194	0.1358	0.1498	0.1605	0.1642	0.1748	0.1779
1995	0.0693	0.0979	0.1216	0.1432	0.1599	0.1749	0.1823	0.1888	0.1874
1996	0.0695	0.0855	0.116	0.1363	0.152	0.1646	0.1766	0.1814	0.1921
1997	0.0641	0.0914	0.1055	0.1316	0.1492	0.161	0.1756	0.1729	0.1794
1998	0.0589	0.0796	0.1037	0.1133	0.1321	0.1424	0.1494	0.1557	0.1575
1999	0.0536	0.0832	0.0991	0.1195	0.1257	0.144	0.1521	0.1634	0.1562
2000	0.0578	0.0868	0.1074	0.1301	0.1468	0.1584	0.1609	0.1681	0.1771
2001	0.0659	0.0885	0.1074	0.1242	0.1408	0.1564	0.1563	0.1478	0.1983
2002	0.0634	0.084	0.1032	0.1249	0.144	0.1566	0.1704	0.1868	0.218
2003	0.0609	0.0934	0.1031	0.1207	0.1387	0.1544	0.1763	0.167	0.192
2004	0.0635	0.0814	0.1028	0.11	0.1242	0.134	0.1557	0.1657	0.1852
2005	0.0559	0.0755	0.0913	0.1122	0.1204	0.1332	0.1375	0.1525	0.137
2006	0.0548	0.0693	0.0877	0.102	0.1169	0.1103	0.128	0.1754	0.1852
2007	0.0546	0.0727	0.0805	0.0924	0.0981	0.1313	0.1642	0.1754	0.1852
2008	0.0565	0.0603	0.0877	0.1034	0.1156	0.1315	0.145	0.139	0.162
2009	0.0461	0.0753	0.0777	0.1038	0.1101	0.1138	0.1642	0.1754	0.1852
2010	0.049	0.0714	0.0855	0.0923	0.1069	0.117	0.1095	0.1754	0.1852
2011	0.0457	0.0658	0.0721	0.0963	0.0987	0.1123	0.0818	0.1754	0.1852
2012	0.0518	0.0784	0.0875	0.0989	0.1102	0.1167	0.1223	0.16812	0.18056
#eof
999

