# Number of parameters = 218  Objective function value = -532.432  Maximum gradient component = 6.42400e-05
# theta[1]:
14.1021520093
# theta[2]:
0.683001999870
# theta[3]:
-0.976709134704
# theta[4]:
12.9976006096
# theta[5]:
0.363161501441
# theta[6]:
0.687816212561
# sel_par[1]:
 0.912221199918 -1.34985985614
# sel_par[2]:
 1.03276454457 -1.18644591441
# sel_par[3]:
 4.71830598616 0.869646787864
# sel_par[4]:
 0.717839793150 -2.99573227355
# sel_par[5]:
 0.717839793150 -2.99573227355
# log_ft_pars:
 -0.128051734112 -0.000338448594068 -2.17634774446 -0.595762579136 -0.436872748733 0.00896541059029 0.422470123688 -0.615910390977 -0.342504105569 0.0246913750298 -0.0909277336409 -0.0239718197361 0.0371475112635 0.177820767181 0.315296329031 0.495007634911 1.27257168063 -0.115771711711 -3.26003955275 -4.02514674169 -2.61295203236 -2.34564583990 -1.87576041244 -4.19837198838 -4.82124350903 -2.38565630391 -2.49354575606 -1.65547217606 -1.32897433687 -2.88763757756 -2.13422908049 -2.19172065863 -3.32154994196 -5.05627917735 -2.78871268111 -3.89534955557 -4.73026289669 -3.88046425192 -3.56265750973 -5.16077292758 -4.25635135219 -3.91449007044 -4.33393619022 -3.87090750011 -4.04777249743 -4.16629998204 -4.56180050429 -3.75997183219 -3.21151206879 -3.45866085434 -3.39191269942 -3.60012533176 -3.39605664234 -3.53676851507 -3.36554546099 -3.11298525271 -3.91668330105 -3.36134732014 -4.08248896182 -4.09008031407 -1.37334498300 -2.69339862497 -4.20793659348 -4.48893823801 -5.52413571838 -2.70817691341 -2.83789392083 -5.51847084148 -2.93881520060 -2.30663516819 -1.02422114118 -1.10509995377 -1.37338016523 -4.71721244549 -2.08109440031 -3.09337191858 -3.19409029759 -3.49186538932 -2.45315375071 -2.30072919616 -2.09622477159 -2.07862325640 -1.45494640112 -1.29511782443 -1.86396078507 -1.93000921772 -1.62665512017 -1.63027179342 -1.53412092328 -1.45782954743 -1.82692025840 -1.52116976664 -1.09851336123 -2.04485086522 -2.40678441322 -1.88404218392 -2.03609214280 -3.83485670929 -4.97406388895 -4.18484910375 -2.75982852435 -1.35656230157 -1.22013633104 -0.957108214769 -0.937778449060 -0.978461677597 -1.02205003063 -0.943619427505 -1.65873010084 -1.18930063515 -0.911012326759 0.00730228218540 0.285068734150 -0.137689007883 -0.306817360507 -0.454095359597 -0.638591585048 -0.451185644894 -0.382707781725 -0.479282863300 -0.522242863124 -0.164347116164 -0.399889377281 -0.642550304947 -0.643110389108 -0.491461596879 -0.503163048905 -0.431195456405 -0.487574015314 -0.534577811031 -0.545918328155 -0.962548887878 -0.339068641968 -0.365553741287 -0.573804948320 -0.578350231832 -1.05204624473 -1.35929133630
# log_rec_devs:
 -6.73537223172 -4.23728220464 -3.33737453876 -2.57321466106 -1.32524495572 -0.265189238142 0.636629580075 1.33479324498 1.43020830111 1.31481727792 1.78415576206 1.43698064498 1.14849700904 1.03378217852 0.812002023250 1.57752330232 1.44761322905 0.902761683003 1.69402561951 1.49948897099 1.74052001018 0.827252509387 0.588512962851 0.673846230850 -1.57901156486 -1.34179286812 -0.723460936126 -0.296804874925 -0.392090940207 -0.286682533214 -0.121982722756 0.487762597653 0.211299712215 0.904600913010 0.627915519910 -0.170601451128 -0.0812639161202 -0.178997742734 -0.144077155612 -0.638431041863 -0.802992434061 -0.627787093524 -0.0116855456465 -0.374202461165 0.434065464236 -0.513382069097 0.232204096037 -0.353829488580 0.602403855228 0.107635027133 0.350561817510 -0.361962288614 0.0942552932228 0.426159815049 0.370341732264 -0.270966795948 0.224977519212 0.518790408515 0.613397434095 0.592259704960 0.171719613826 -0.107383023461 -0.0339323845749 0.393297126280 -0.575195862370 0.617198273971 -1.87261277064 0.470551330995
