"age" "length" "weight" "a" "b"
1 0.408 0.065 6.595e-06 3.0488
2 0.588 0.183 3.85e-06 3.19485
3 0.64 0.264 8.04e-06 2.9838
4 0.726 0.34 2.065e-06 3.3703
5 0.769 0.446 5.955e-06 3.0689
6 0.856 0.632 9.17e-06 2.94035
7 0.962 0.886 4.9e-06 3.09845
8 0.972 0.922 1.2395e-05 2.8668
9 1.29 2.12 9.015e-06 2.95415
1 0.426 0.074 5.895e-06 3.05345
2 0.536 0.153 7.115e-06 3.0127
3 0.608 0.229 9.55e-06 2.95915
4 0.65 0.266 5.595e-06 3.0765
5 0.658 0.335 2.766e-05 2.6096
6 0.746 0.405 5.6305e-06 3.0809
7 0.774 0.438 3.5475e-06 3.21785
8 0.825 0.54 3.275e-06 3.1991
9 0.965 0.892 3.2415e-06 3.21185
1 0.455 0.076 2.8535e-06 3.2692
2 0.592 0.178 2.504e-06 3.29745
3 0.636 0.227 2.709e-06 3.27805
4 0.668 0.274 3.3655e-06 3.20865
5 0.693 0.304 2.91e-06 3.2478
6 0.747 0.389 2.835e-06 3.2439
7 0.787 0.455 2.535e-06 3.28915
8 0.948 0.838 2.585e-06 3.28755
9 0.948 0.838 2.39e-06 3.3138
1 0.388 0.04 1.825e-06 3.3955
2 0.567 0.151 2.3e-06 3.32755
3 0.631 0.223 2.86e-06 3.25515
4 0.683 0.287 2.825e-06 3.2721
5 0.721 0.341 2.575e-06 3.295
6 0.735 0.391 6.595e-06 3.0488
7 0.82 0.531 3.85e-06 3.19485
8 0.943 0.839 8.04e-06 2.9838
9 0.956 0.859 2.065e-06 3.3703
1 0.402 0.061 5.955e-06 3.0689
2 0.545 0.168 9.17e-06 2.94035
3 0.609 0.215 4.9e-06 3.09845
4 0.638 0.276 1.2395e-05 2.8668
5 0.684 0.326 9.015e-06 2.95415
6 0.741 0.401 5.895e-06 3.05345
7 0.821 0.553 7.115e-06 3.0127
8 0.973 0.923 9.55e-06 2.95915
9 1.043 1.137 5.595e-06 3.0765
1 0.353 0.066 2.766e-05 2.6096
2 0.562 0.169 5.6305e-06 3.0809
3 0.634 0.231 3.5475e-06 3.21785
4 0.668 0.275 3.275e-06 3.1991
5 0.699 0.317 3.2415e-06 3.21185
6 0.752 0.394 2.8535e-06 3.2692
7 0.783 0.446 2.504e-06 3.29745
8 0.816 0.513 2.709e-06 3.27805
9 0.809 0.506 3.3655e-06 3.20865
1 0.435 0.067 2.91e-06 3.2478
2 0.531 0.128 2.835e-06 3.2439
3 0.609 0.196 2.535e-06 3.28915
4 0.647 0.239 2.585e-06 3.28755
5 0.688 0.289 2.39e-06 3.3138
6 0.743 0.365 1.825e-06 3.3955
7 0.756 0.395 2.3e-06 3.32755
8 0.786 0.457 2.86e-06 3.25515
9 0.78 0.444 2.825e-06 3.2721
1 0.446 0.07 2.575e-06 3.295
2 0.532 0.146 6.595e-06 3.0488
3 0.586 0.181 3.85e-06 3.19485
4 0.606 0.224 8.04e-06 2.9838
5 0.68 0.272 2.065e-06 3.3703
6 0.712 0.353 5.955e-06 3.0689
7 0.735 0.405 9.17e-06 2.94035
8 0.859 0.624 4.9e-06 3.09845
9 0.86 0.65 1.2395e-05 2.8668
1 0.403 0.068 9.015e-06 2.95415
2 0.52 0.136 5.895e-06 3.05345
3 0.563 0.177 7.115e-06 3.0127
4 0.59 0.21 9.55e-06 2.95915
5 0.632 0.244 5.595e-06 3.0765
6 0.626 0.295 2.766e-05 2.6096
7 0.749 0.41 5.6305e-06 3.0809
8 0.845 0.582 3.5475e-06 3.21785
9 0.882 0.669 3.275e-06 3.1991
1 0.401 0.053 3.2415e-06 3.21185
2 0.554 0.145 2.8535e-06 3.2692
3 0.598 0.184 2.504e-06 3.29745
4 0.655 0.25 2.709e-06 3.27805
5 0.649 0.25 3.3655e-06 3.20865
6 0.671 0.274 2.91e-06 3.2478
7 0.749 0.392 2.835e-06 3.2439
8 0.817 0.514 2.535e-06 3.28915
9 0.875 0.644 2.585e-06 3.28755
1 0.392 0.045 2.39e-06 3.3138
2 0.534 0.119 1.825e-06 3.3955
3 0.585 0.168 2.3e-06 3.32755
4 0.62 0.211 2.86e-06 3.25515
5 0.653 0.248 2.825e-06 3.2721
6 0.684 0.286 2.575e-06 3.295
7 0.771 0.453 6.595e-06 3.0488
8 0.763 0.422 3.85e-06 3.19485
9 0.802 0.518 8.04e-06 2.9838
1 0.398 0.045 2.065e-06 3.3703
2 0.526 0.139 5.955e-06 3.0689
3 0.563 0.185 9.17e-06 2.94035
4 0.62 0.227 4.9e-06 3.09845
5 0.625 0.26 1.2395e-05 2.8668
6 0.659 0.292 9.015e-06 2.95415
7 0.741 0.401 5.895e-06 3.05345
8 0.793 0.497 7.115e-06 3.0127
9 0.881 0.688 9.55e-06 2.95915
1 0.401 0.06 5.595e-06 3.0765
2 0.464 0.135 2.766e-05 2.6096
3 0.588 0.195 5.6305e-06 3.0809
4 0.628 0.224 3.5475e-06 3.21785
5 0.67 0.278 3.275e-06 3.1991
6 0.721 0.349 3.2415e-06 3.21185
7 0.757 0.403 2.8535e-06 3.2692
8 0.816 0.511 2.504e-06 3.29745
9 0.941 0.82 2.709e-06 3.27805
1 0.422 0.063 3.3655e-06 3.20865
2 0.545 0.139 2.91e-06 3.2478
3 0.593 0.184 2.835e-06 3.2439
4 0.628 0.217 2.535e-06 3.28915
5 0.648 0.24 2.585e-06 3.28755
6 0.706 0.315 2.39e-06 3.3138
7 0.746 0.37 1.825e-06 3.3955
8 0.76 0.401 2.3e-06 3.32755
9 0.83 0.545 2.86e-06 3.25515
1 0.393 0.047 2.825e-06 3.2721
2 0.549 0.139 2.575e-06 3.295
3 0.579 0.189 6.595e-06 3.0488
4 0.618 0.215 3.85e-06 3.19485
5 0.639 0.263 8.04e-06 2.9838
6 0.709 0.314 2.065e-06 3.3703
7 0.782 0.471 5.955e-06 3.0689
8 0.796 0.511 9.17e-06 2.94035
9 0.833 0.568 4.9e-06 3.09845
1 0.414 0.08 1.2395e-05 2.8668
2 0.514 0.14 9.015e-06 2.95415
3 0.58 0.19 5.895e-06 3.05345
4 0.596 0.21 7.115e-06 3.0127
5 0.634 0.26 9.55e-06 2.95915
6 0.661 0.28 5.595e-06 3.0765
7 0.683 0.37 2.766e-05 2.6096
8 0.749 0.41 5.6305e-06 3.0809
9 0.891 0.69 3.5475e-06 3.21785
1 0.415 0.06 3.275e-06 3.1991
2 0.503 0.11 3.2415e-06 3.21185
3 0.56 0.15 2.8535e-06 3.2692
4 0.604 0.19 2.504e-06 3.29745
5 0.639 0.23 2.709e-06 3.27805
6 0.673 0.28 3.3655e-06 3.20865
7 0.742 0.38 2.91e-06 3.2478
8 0.704 0.32 2.835e-06 3.2439
9 0.988 0.96 2.535e-06 3.28915
1 0.402 0.05 2.585e-06 3.28755
2 0.499 0.1 2.39e-06 3.3138
3 0.548 0.13 1.825e-06 3.3955
4 0.587 0.17 2.3e-06 3.32755
5 0.6 0.19 2.86e-06 3.25515
6 0.67 0.27 2.825e-06 3.2721
7 0.746 0.38 2.575e-06 3.295
8 0.752 0.42 6.595e-06 3.0488
9 0.901 0.717 3.85e-06 3.19485
1 0.389 0.06 8.04e-06 2.9838
2 0.505 0.1 2.065e-06 3.3703
3 0.527 0.14 5.955e-06 3.0689
4 0.547 0.17 9.17e-06 2.94035
5 0.604 0.21 4.9e-06 3.09845
6 0.665 0.31 1.2395e-05 2.8668
7 0.739 0.41 9.015e-06 2.95415
8 0.764 0.44 5.895e-06 3.05345
9 0.853 0.62 7.115e-06 3.0127
1 0.337 0.04 9.55e-06 2.95915
2 0.473 0.1 5.595e-06 3.0765
3 0.469 0.139 2.766e-05 2.6096
4 0.562 0.169 5.6305e-06 3.0809
5 0.613 0.207 3.5475e-06 3.21785
6 0.681 0.293 3.275e-06 3.1991
7 0.808 0.505 3.2415e-06 3.21185
8 0.774 0.433 2.8535e-06 3.2692
9 0.904 0.717 2.504e-06 3.29745
1 0.401 0.05 2.709e-06 3.27805
2 0.488 0.1 3.3655e-06 3.20865
3 0.541 0.136 2.91e-06 3.2478
4 0.579 0.17 2.835e-06 3.2439
5 0.615 0.202 2.535e-06 3.28915
6 0.687 0.291 2.585e-06 3.28755
7 0.776 0.432 2.39e-06 3.3138
8 0.78 0.431 1.825e-06 3.3955
9 0.893 0.685 2.3e-06 3.32755
1 0.442 0.07 2.86e-06 3.25515
2 0.502 0.105 2.825e-06 3.2721
3 0.551 0.14 2.575e-06 3.295
4 0.565 0.175 6.595e-06 3.0488
5 0.614 0.21 3.85e-06 3.19485
6 0.664 0.295 8.04e-06 2.9838
7 0.685 0.28 2.065e-06 3.3703
8 0.903 0.73 5.955e-06 3.0689
9 0.874 0.674 9.17e-06 2.94035
1 0.418 0.067 4.9e-06 3.09845
2 0.442 0.096 1.2395e-05 2.8668
3 0.51 0.137 9.015e-06 2.95415
4 0.554 0.165 5.895e-06 3.05345
5 0.614 0.23 7.115e-06 3.0127
6 0.681 0.321 9.55e-06 2.95915
7 0.709 0.347 5.595e-06 3.0765
8 0.805 0.567 2.766e-05 2.6096
9 NA NA 5.6305e-06 3.0809
1 0.417 0.06 3.5475e-06 3.21785
2 0.479 0.095 3.275e-06 3.1991
3 0.529 0.129 3.2415e-06 3.21185
4 0.576 0.165 2.8535e-06 3.2692
5 0.646 0.237 2.504e-06 3.29745
6 0.718 0.338 2.709e-06 3.27805
7 0.675 0.283 3.3655e-06 3.20865
8 0.805 0.495 2.91e-06 3.2478
9 NA NA 2.835e-06 3.2439
1 0.431 0.063 2.535e-06 3.28915
2 0.474 0.086 2.585e-06 3.28755
3 0.536 0.127 2.39e-06 3.3138
4 0.582 0.159 1.825e-06 3.3955
5 0.637 0.223 2.3e-06 3.32755
6 0.678 0.282 2.86e-06 3.25515
7 0.781 0.445 2.825e-06 3.2721
8 0.768 0.419 2.575e-06 3.295
9 0.914 0.759 6.595e-06 3.0488
1 0.431 0.068 3.85e-06 3.19485
2 0.462 0.1 8.04e-06 2.9838
3 0.547 0.131 2.065e-06 3.3703
4 0.566 0.174 5.955e-06 3.0689
5 0.613 0.237 9.17e-06 2.94035
6 0.664 0.281 4.9e-06 3.09845
7 0.75 0.439 1.2395e-05 2.8668
8 0.908 0.751 9.015e-06 2.95415
9 NA NA 5.895e-06 3.05345
1 0.372 0.051 7.115e-06 3.0127
2 0.471 0.108 9.55e-06 2.95915
3 0.52 0.134 5.595e-06 3.0765
4 0.509 0.172 2.766e-05 2.6096
5 0.621 0.23 5.6305e-06 3.0809
6 0.691 0.304 3.5475e-06 3.21785
7 0.817 0.524 3.275e-06 3.1991
8 0.736 0.373 3.2415e-06 3.21185
9 NA NA 2.8535e-06 3.2692
1 0.413 0.054 2.504e-06 3.29745
2 0.486 0.094 2.709e-06 3.27805
3 0.542 0.14 3.3655e-06 3.20865
4 0.609 0.2 2.91e-06 3.2478
5 0.651 0.248 2.835e-06 3.2439
6 0.696 0.304 2.535e-06 3.28915
7 0.792 0.464 2.585e-06 3.28755
8 0.831 0.542 2.39e-06 3.3138
9 0.893 0.68 1.825e-06 3.3955
1 0.448 0.069 2.3e-06 3.32755
2 0.497 0.103 2.86e-06 3.25515
3 0.545 0.137 2.825e-06 3.2721
4 0.599 0.185 2.575e-06 3.295
5 0.633 0.248 6.595e-06 3.0488
6 0.679 0.29 3.85e-06 3.19485
7 0.701 0.346 8.04e-06 2.9838
8 0.852 0.582 2.065e-06 3.3703
9 0.926 0.789 5.955e-06 3.0689
1 0.373 0.055 9.17e-06 2.94035
2 0.466 0.094 4.9e-06 3.09845
3 0.495 0.133 1.2395e-05 2.8668
4 0.549 0.17 9.015e-06 2.95415
5 0.611 0.222 5.895e-06 3.05345
6 0.635 0.254 7.115e-06 3.0127
7 0.76 0.444 9.55e-06 2.95915
8 0.723 0.368 5.595e-06 3.0765
9 NA NA 2.766e-05 2.6096
1 0.378 0.05 5.6305e-06 3.0809
2 0.467 0.086 3.5475e-06 3.21785
3 0.535 0.135 3.275e-06 3.1991
4 0.592 0.186 3.2415e-06 3.21185
5 0.668 0.268 2.8535e-06 3.2692
6 0.728 0.351 2.504e-06 3.29745
7 0.808 0.498 2.709e-06 3.27805
8 0.764 0.421 3.3655e-06 3.20865
9 NA NA 2.91e-06 3.2478
1 0.431 0.065 2.835e-06 3.2439
2 0.498 0.101 2.535e-06 3.28915
3 0.563 0.151 2.585e-06 3.28755
4 0.574 0.159 2.39e-06 3.3138
5 0.674 0.262 1.825e-06 3.3955
6 0.718 0.332 2.3e-06 3.32755
7 0.835 0.557 2.86e-06 3.25515
8 0.927 0.78 2.825e-06 3.2721
9 NA NA 2.575e-06 3.295
