#NB The data herein were taken from qci2010_final.dat for the HCAM model.
## ________________________
## ____Model Dimensions____
1951        #first year of data
2010        #last year of data
2           #age of youngest age class
10          #age of plus group
5           #number of gears (ngear)
## flags for fishery (1) or survey (0) in ngears
#1  1   1   0   0
0.100 0.405 0.495 0.0 0.0
## ________________________
## ________________________
#Age-schedule and population parameters
#natural mortality rate (m)
0.334
#growth parameters (linf,k,to)  (from fishbase)
27.0, 0.48, 0
#length-weight allometry (a,b)
4.5e-6, 3.1270
#maturity at age (am=log(3)/k) & gm=std for logistic
2.055, 0.05
## ________________________
#Time series data
#Observed catch (1951-2010, 1000s metric t)
#Year P1 P2 P3 S1 S2
1951  2.847  0.000 0.000 0 0
1952 10.147  0.000 0.000 0 0
1953  0.000  0.000 0.000 0 0
1954  1.786  0.000 0.000 0 0
1955  1.234  0.000 0.000 0 0
1956 77.681  0.000 0.000 0 0
1957 23.711  0.000 0.000 0 0
1958 11.166  0.000 0.000 0 0
1959  7.027  0.000 0.000 0 0
1960  0.000  0.000 0.000 0 0
1961  0.653  0.000 0.000 0 0
1962  7.632  0.000 0.000 0 0
1963 14.980  0.000 0.000 0 0
1964 28.777  0.000 0.000 0 0
1965 35.448  0.000 0.000 0 0
1966  2.746  0.000 0.000 0 0
1967  0.213  0.000 0.000 0 0
1968  0.080  0.000 0.000 0 0
1969  0.000  0.000 0.000 0 0
1970  0.000  0.000 0.000 0 0
1971  0.102  0.000 0.000 0 0
1972  0.849  3.124 0.000 0 0
1973  0.000  7.520 0.000 0 0
1974  0.000  6.191 0.127 0 0
1975  0.000  7.619 0.105 0 0
1976  0.374 11.939 1.802 0 0
1977  0.000 11.146 1.489 0 0
1978  0.000  9.172 2.553 0 0
1979  0.000  5.867 2.086 0 0
1980  0.000  2.106 1.210 0 0
1981  0.000  3.926 1.705 0 0
1982  0.000  2.371 1.407 0 0
1983  0.067  4.661 0.929 0 0
1984  0.096  4.016 0.535 0 0
1985  0.000  4.616 1.493 0 0
1986  0.000  2.613 0.890 0 0
1987  0.000  2.061 0.000 0 0
1988  0.000  0.032 0.000 0 0
1989  0.000  1.461 0.000 0 0
1990  0.000  5.542 1.170 0 0
1991  0.000  3.899 0.543 0 0
1992  0.000  2.524 0.000 0 0
1993  0.000  2.699 0.000 0 0
1994  0.000  0.299 0.000 0 0
1995  0.000  0.000 0.000 0 0
1996  0.000  0.000 0.000 0 0
1997  0.000  0.000 0.000 0 0
1998  0.000  1.372 0.000 0 0
1999  0.000  2.500 0.473 0 0
2000  0.000  1.764 0.000 0 0
2001  0.000  0.000 0.000 0 0
2002  0.000  0.706 0.000 0 0
2003  0.000  0.000 0.000 0 0
2004  0.000  0.000 0.000 0 0
2005  0.000  0.000 0.000 0 0
2006  0.000  0.000 0.000 0 0
2007  0.000  0.000 0.000 0 0
2008  0.000  0.000 0.000 0 0
2009  0.000  0.000 0.000 0 0
2010  0.000  0.000 0.000 0 0
#Relative Abundance index from fisheries independent survey (it) 1970-2008
#nit
#60
2
#nit_nobs
37      23
#survey type 
## 1 = survey is proportional to vulnerable numbers
## 2 = survey is proportional to vulnerable biomass
## 3 = survey is proportional to spawning biomass (e.g., herring spawn survey)
3   3
#iyr     it gear wt     survey timing
1951  4.213    4  1  1
1952  2.578    4  1  1
1953  7.555    4  1  1
1954 12.408    4  1  1
1955  6.437    4  1  1
1956  6.042    4  1  1
1957  1.592    4  1  1
1958  0.815    4  1  1
1959  8.981    4  1  1
1960  6.599    4  1  1
1961  8.981    4  1  1
1962  5.730    4  1  1
1963  7.297    4  1  1
1964  4.104    4  1  1
1965  1.378    4  1  1
1966  2.824    4  1  1
1967  0.710    4  1  1
1968  0.833    4  1  1
1969  2.075    4  1  1
1970  5.552    4  1  1
1971 13.291    4  1  1
1972  9.542    4  1  1
1973  7.960    4  1  1
1974 14.510    4  1  1
1975  9.686    4  1  1
1976 16.374    4  1  1
1977 16.408    4  1  1
1978 18.371    4  1  1
1979 13.649    4  1  1
1980 31.904    4  1  1
1981 20.294    4  1  1
1982 23.593    4  1  1
1983 21.391    4  1  1
1984 23.439    4  1  1
1985 18.625    4  1  1
1986  6.847    4  1  1
1987 12.289    4  1  1
1988 15.245    5  1.1666  1
1989 25.201    5  1.1666  1
1990 27.058    5  1.1666  1
1991 17.998    5  1.1666  1
1992 12.376    5  1.1666  1
1993  8.152    5  1.1666  1
1994 14.293    5  1.1666  1
1995  4.701    5  1.1666  1
1996  7.377    5  1.1666  1
1997 11.215    5  1.1666  1
1998 21.649    5  1.1666  1
1999 10.610    5  1.1666  1
2000  6.698    5  1.1666  1
2001 15.195    5  1.1666  1
2002  3.257    5  1.1666  1
2003  8.801    5  1.1666  1
2004  5.668    5  1.1666  1
2005  3.614    5  1.1666  1
2006  4.097    5  1.1666  1
2007  9.436    5  1.1666  1
2008  4.213    5  1.1666  1
2009  8.935    5  1.1666  1
2010  6.091    5  1.1666  1
#Age composition data by year, gear (ages 2-15+)
#na_gears
3
#na_nobs
10  39  15
#a_sage
2   2   2
#a_page
10  10  10
#yr gear        V2   V3   V4   V5  V6  V7  V8 V9 V10  #Number aged.
1951  1    1  226  781  226  170   62    9   1   0     
1952  1  381  485  760  479   92   25    2   0   0     
1956  1    2  216  130  838  113   37   10   0   0     
1957  1  901 1116  718  423 1167  111   21   5   0     
1958  1 2259  462   35    5    4    4    0   0   0     
1959  1    1   60   27    7    0    0    0   0   0     
1962  1    7  106  120   16   20    2    1   0   0     
1963  1    3  402  218  146   17   16    0   1   1     
1964  1    5   78  294   81   26    6    0   0   0     
1965  1   17  833  105   41   15    6    2   0   0     
1972  2   36  386  454  190   72   29   11   5   1     
1973  2    3  700  372  471  138   29   13   0   0     
1974  2    2  471  593  255  125   25    5   1   0     
1975  2   38 1521 2056 1677  573  117   22   6   0     
1976  2   18  114 1495 1186  940  260   39   3   0     
1977  2    3  625  258  944  728  466  141  13   0     
1978  2    2  308  202  112  311  165   58  11   2     
1979  2   57   45  298  167  186  130   28   4   0     
1980  2   70 3361  168  179  100   62   46  26   3     
1981  2   34  234 5380  322  177  111   45  18  11     
1982  2   30  165  158 2973   87   54   35  19   1     
1983  2   96  103   69  135 1434   77   31  18   4     
1984  2   94 1268  158  100  352 1455   39  12   6     
1985  2   47  531 1132  144  160  404 1119  16   1     
1986  2   10  134 1041 1902  191  155  380 905  15     
1987  2   57  342  192  799 1239  126  142 190 190     
1988  2   61  855  126   80  197  249   23  28  32     
1989  2   81  622 2364  143   56  139   99  22  15     
1990  2   11  487  918 3033  199   93  193  86  14     
1991  2  227  140  361  972 1303  125   61 135  51     
1992  2   23 1243  159  270  402  992   77  19  27     
1993  2   12  128 2240  165  225  448  436  43   9     
1994  2   75   52   61  590  129  133  132  39   5     
1995  2   68   75   11   21  178   46   38  25  11     
1996  2  103  515   89   31   32  149   23  11   2     
1997  2  372  430  549   86   25   73   88  14   3     
1998  2   10 1470  758  315   73   18   33  30   7     
1999  2  108   58 1610  433  204   64   16  10   9     
2000  2  107  398   84 1270  171   97    9  10   3     
2001  2  175  363  256   58  240   35   16   3   1     
2002  2  602  750  706  369   86  371   42  13   3     
2003  2    2 1685  453  159   80   28   52  10   3     
2004  2  248   20  428   74   34   22   12   5   2     
2005  2   17  606  205  374   51   31   16   6   3     
2006  2  136   72  305   67  108   20    3   0   2     
2007  2    6  247   78  114   32   56   12   1   0     
2008  2   86   68  583   70   79   17   15   0   2     
2009  2    1  645   76  222   20   29    4   5   1     
2010  2   39   70  644   62  170   18   13   3   2     
1974  3    0    9   76   40   26    5    0   0   1     
1975  3    0    0    9   16   12    2    1   0   0     
1976  3    0    0    1   29   81   19    3   0   0     
1978  3    0    0    6   17   29   56   29   6   1     
1979  3    0    0   48   44   46   26    6   0   0     
1980  3    0   29   27  229  104   93   27   9   0     
1981  3    0    2  583   61   77   44   19   4   0     
1982  3    0    1   16  425   16   11    5   2   0     
1983  3    0    0    7   14  532   16   14   3   3     
1984  3    0   11    5   18   35  313    7   1   1     
1985  3    0   20   59    7   11   30  113   1   0     
1986  3    0    0   41  172   13   17   29  49   1     
1990  3    0    2   32  174   39   33   68  33   2     
1991  3    0    0    8   79  153   34   25  36  16     
1999  3    0    4  185  137  175   60   16   8  11     
#n_wt_obs
60
#Mean weight-at-age in kilograms (interpolated: from HCAM.rep)
#A$yr     V1     V2     V3     V4     V5     V6     V7     V8     V9
1951 0.0417 0.0897 0.1126 0.1376 0.1586 0.1706 0.2001 0.1865 0.1865
1952 0.0432 0.0896 0.1133 0.1385 0.1599 0.1756 0.1677 0.1780 0.1865
1953 0.0329 0.0763 0.0958 0.1255 0.1498 0.1599 0.1335 0.1784 0.1865
1954 0.0447 0.0847 0.1036 0.1278 0.1571 0.1721 0.1751 0.1860 0.1865
1955 0.0499 0.0893 0.1043 0.1262 0.1448 0.1738 0.1720 0.1784 0.1865
1956 0.0471 0.0845 0.1060 0.1205 0.1410 0.1587 0.1785 0.1733 0.1865
1957 0.0481 0.0828 0.1089 0.1371 0.1506 0.1640 0.2100 0.1784 0.1865
1958 0.0438 0.0763 0.1081 0.1421 0.1535 0.1647 0.1762 0.1885 0.1865
1959 0.0502 0.0836 0.0993 0.1314 0.1596 0.1677 0.1523 0.1580 0.1865
1960 0.0530 0.0902 0.1125 0.1279 0.1597 0.1290 0.1770 0.1784 0.1865
1961 0.0576 0.0786 0.1111 0.1170 0.1372 0.1650 0.1720 0.1784 0.1865
1962 0.0501 0.0880 0.0993 0.1366 0.1449 0.1530 0.2020 0.1784 0.1865
1963 0.0477 0.0832 0.1049 0.1116 0.1494 0.1778 0.1790 0.1784 0.1865
1964 0.0576 0.0993 0.1159 0.1378 0.1586 0.1850 0.1400 0.1784 0.1865
1965 0.0611 0.1051 0.1224 0.1451 0.1452 0.1770 0.1440 0.1784 0.1865
1966 0.0520 0.1067 0.1487 0.1681 0.1783 0.1888 0.1720 0.1784 0.1865
1967 0.0488 0.0880 0.1104 0.1332 0.1530 0.1677 0.1720 0.1784 0.1865
1968 0.0488 0.0880 0.1104 0.1332 0.1530 0.1677 0.1720 0.1784 0.1865
1969 0.0488 0.0880 0.1104 0.1332 0.1530 0.1677 0.1720 0.1784 0.1865
1970 0.0578 0.0888 0.1175 0.1399 0.1608 0.1733 0.1871 0.1927 0.2096
1971 0.0553 0.1056 0.1319 0.1537 0.1742 0.1895 0.1690 0.1927 0.2096
1972 0.0586 0.0897 0.1290 0.1478 0.1671 0.1778 0.1973 0.1850 0.2096
1973 0.0525 0.0993 0.1274 0.1588 0.1749 0.1928 0.1977 0.2010 0.2096
1974 0.0630 0.0877 0.1392 0.1653 0.2093 0.1733 0.2420 0.1927 0.2096
1975 0.0421 0.0828 0.1115 0.1423 0.1694 0.1934 0.1995 0.2122 0.2096
1976 0.0498 0.0849 0.1234 0.1455 0.1743 0.1914 0.2033 0.2248 0.2133
1977 0.0571 0.0888 0.1173 0.1389 0.1616 0.1910 0.2010 0.2027 0.2418
1978 0.0501 0.0853 0.1099 0.1321 0.1513 0.1672 0.1683 0.1999 0.2095
1979 0.0597 0.0848 0.1178 0.1405 0.1604 0.1754 0.1990 0.2051 0.2174
1980 0.0522 0.0780 0.1083 0.1352 0.1584 0.1718 0.1831 0.1984 0.2172
1981 0.0602 0.0857 0.1085 0.1348 0.1561 0.1706 0.1873 0.1802 0.2022
1982 0.0635 0.0945 0.1153 0.1292 0.1531 0.1618 0.1696 0.1688 0.1950
1983 0.0576 0.0898 0.1174 0.1349 0.1431 0.1580 0.1707 0.1851 0.1941
1984 0.0624 0.0881 0.1146 0.1388 0.1569 0.1590 0.1666 0.1762 0.2010
1985 0.0647 0.0867 0.1141 0.1345 0.1564 0.1703 0.1869 0.1926 0.2320
1986 0.0670 0.0895 0.1108 0.1324 0.1495 0.1700 0.1971 0.1954 0.2096
1987 0.0628 0.0874 0.1056 0.1226 0.1366 0.1522 0.1660 0.1550 0.1823
1988 0.0609 0.0900 0.1138 0.1302 0.1423 0.1547 0.1642 0.2006 0.2096
1989 0.0644 0.0841 0.1068 0.1273 0.1390 0.1474 0.1561 0.1580 0.1820
1990 0.0604 0.0851 0.1060 0.1283 0.1468 0.1572 0.1609 0.1453 0.2260
1991 0.0642 0.0894 0.1101 0.1280 0.1426 0.1553 0.1634 0.1508 0.1850
1992 0.0598 0.0905 0.1118 0.1319 0.1494 0.1592 0.1738 0.1739 0.1563
1993 0.0579 0.0922 0.1118 0.1286 0.1411 0.1529 0.1565 0.1600 0.1475
1994 0.0522 0.0809 0.1047 0.1207 0.1350 0.1405 0.1512 0.1609 0.1563
1995 0.0612 0.0856 0.1106 0.1314 0.1446 0.1617 0.1631 0.1791 0.1753
1996 0.0619 0.0829 0.1061 0.1264 0.1457 0.1557 0.1719 0.1694 0.1830
1997 0.0497 0.0826 0.1017 0.1197 0.1368 0.1463 0.1541 0.1670 0.1817
1998 0.0504 0.0725 0.0939 0.1086 0.1194 0.1331 0.1438 0.1559 0.1485
1999 0.0460 0.0795 0.0991 0.1134 0.1255 0.1341 0.1434 0.1508 0.1390
2000 0.0523 0.0724 0.0948 0.1110 0.1291 0.1387 0.1530 0.1599 0.1630
2001 0.0622 0.0853 0.0990 0.1197 0.1332 0.1483 0.1552 0.1454 0.1440
2002 0.0494 0.0793 0.0959 0.1076 0.1254 0.1324 0.1413 0.1640 0.0590
2003 0.0518 0.0772 0.0930 0.1050 0.1113 0.1282 0.1401 0.1280 0.1563
2004 0.0498 0.0729 0.0888 0.0993 0.1091 0.1125 0.1241 0.1219 0.1320
2005 0.0476 0.0741 0.0910 0.1064 0.1175 0.1257 0.1305 0.1215 0.1373
2006 0.0483 0.0714 0.0882 0.1023 0.1113 0.1208 0.1279 0.1394 0.1780
2007 0.0620 0.0753 0.0831 0.0994 0.1154 0.1230 0.1301 0.1432 0.1340
2008 0.0257 0.0658 0.0858 0.0936 0.1030 0.1105 0.1155 0.1331 0.1350
2009 0.0453 0.0644 0.0688 0.1033 0.1156 0.1251 0.1347 0.1542 0.1780
2010 0.0435 0.0580 0.0790 0.0850 0.1118 0.1189 0.1158 0.1119 0.1413
#eof
999