# Number of parameters = 234  Objective function value = -1160.22  Maximum gradient component = 0.000512309
# theta[1]:
7.26276983597
# theta[2]:
0.783822922018
# theta[3]:
-0.810863770327
# theta[4]:
7.04047531880
# theta[5]:
6.27606604406
# theta[6]:
0.402177228073
# theta[7]:
1.15173150194
# sel_par[1]:
 0.972333778430 -1.23746076414
# sel_par[2]:
 1.07892200788 -1.10676582138
# sel_par[3]:
 -0.372993985324 -1.96823214458
# sel_par[4]:
 0.720275847948 -2.99573227355
# sel_par[5]:
 0.720275847948 -2.99573227355
# log_ft_pars:
 -0.637242862902 -0.615878204363 -2.44681046791 -0.737915220975 -0.645948963641 -0.159082891422 0.201177299545 -0.714074711644 -0.333124928573 -0.141081771560 -0.269439229957 -0.145225427899 -0.0327835142831 -0.0288957750684 -0.0926561899407 0.0446502695766 0.493359915921 -2.39334515581 -4.90463205969 -5.22147354327 -3.49434751297 -2.86745942969 -2.37377737345 -4.75375751778 -5.21020879014 -2.83983843126 -2.92136215092 -2.11607573592 -2.00897853051 -3.65569674350 -2.96342742106 -3.06974617922 -4.33597708024 -6.29859330642 -4.19967481575 -5.15135795559 -5.73003925286 -4.86402064996 -4.41830169004 -6.02441168115 -5.17216703663 -4.86005964543 -5.33615524404 -4.84897693237 -5.13800484284 -5.32309250838 -5.75078028284 -4.83546169628 -4.27270022864 -4.41580480907 -4.40485114682 -4.55107270715 -4.37406940948 -4.45703521531 -4.36221061394 -4.16030098932 -4.97475381268 -4.11478155869 -4.63037425316 -4.45527452501 -4.61336447152 -1.87378813795 -3.14970629526 -4.72787222969 -4.85955787714 -5.97752843327 -3.12586187461 -3.27086265253 -6.25122331903 -3.73749968548 -3.14834850509 -1.99424814686 -2.32157758913 -2.75314007660 -5.94219022702 -3.05259535296 -4.03112033411 -4.02017950555 -4.36623480997 -3.35842010918 -3.25701880867 -3.03757555105 -3.14204394658 -2.56459590450 -2.44161736688 -2.90638847482 -2.97472489240 -2.57255697617 -2.61517673842 -2.44561544580 -2.39112362664 -2.71843693110 -2.48535195107 -2.12152627621 -3.05932135596 -3.15299361253 -2.38873344904 -2.33704990585 -4.72147292355 -6.35335835052 -5.38844595632 -3.64694981892 -2.12369138720 -1.90058609813 -1.53081903422 -1.58559900544 -1.63548439291 -1.73961738996 -1.87685746178 -2.61881939569 -2.11871248282 -1.82830123494 -1.03256579126 -0.949804997839 -1.24095239087 -0.966882475815 -1.13303466575 -1.27794483512 -1.13099873948 -0.997715523452 -1.05635024818 -1.10616622983 -0.819347378101 -1.23809970894 -1.43147841827 -1.25027285449 -0.960791407139 -1.08790783316 -0.988592059014 -0.939710242771 -0.790856853884 -0.769867470552 -1.30277419883 -0.888170566732 -0.868148786035 -0.943739061654 -0.553786912498 -0.917169407989 -0.910798990620 -0.318223570045
# init_log_rec_devs:
 0.955595488619 0.692695371362 -0.615794899926 -0.416920263700 -0.260269352642 -0.156638959325 -0.0907921644938 -0.107875222398
# log_rec_devs:
 0.0895684600079 0.208667592989 0.489691258896 0.321491225019 -0.301781288472 -0.469321382706 -0.512820961232 0.0916535710083 0.118674357018 -0.388023279231 0.344485666880 0.269508120979 0.509798803738 -0.175803076526 -0.536708233366 -0.234088082092 -0.275199021157 -0.665429174785 0.0945810128098 -0.0309210532886 -0.589910513071 -0.615519023517 -0.453208975504 -0.191544801900 -0.592496007258 -0.0645814264670 -0.152039881284 -0.641018528020 -0.184681064938 -0.310772775476 -0.268262361934 -0.456321523766 -0.710565696281 -0.291566143309 0.325935581214 -0.308131838972 0.503599382176 -0.653719200792 0.262695564558 -0.325210828884 0.449829163583 0.176356165728 0.437671653701 -0.318369297813 0.378907362819 0.761602435822 0.728320102639 -0.0482196018878 0.302200778261 0.460157980404 0.615295765110 0.664216514790 0.193989441360 0.152036901875 0.105698553699 0.712532458813 -0.309932768419 0.708715172592 -1.13434941219 0.649848097826 1.08278747492
# log_m_nodes:
 -0.0371503401094 -0.0495241762882 0.142874848862 0.0773704443652 -0.176910998859 0.102922098227 0.00450290044755 -0.0326400367141 0.0452269350509 -0.0486185954414 0.0725790303342 -0.0578164526647
