# Number of parameters = 229  Objective function value = -1149.28  Maximum gradient component = 0.000284775
# theta[1]:
7.53297023867
# theta[2]:
0.730614662094
# theta[3]:
-0.850313820543
# theta[4]:
6.99863362987
# theta[5]:
6.10539269389
# theta[6]:
0.304347800000
# theta[7]:
0.869565200000
# sel_par[1]:
 0.978170780664 -1.23520582980
# sel_par[2]:
 1.07993369367 -1.11088700540
# sel_par[3]:
 -0.370832713435 -1.96195831265
# sel_par[4]:
 0.720275847948 -2.99573227355
# sel_par[5]:
 0.720275847948 -2.99573227355
# log_ft_pars:
 -0.533104652531 -0.482510608007 -2.32160388558 -0.650757019201 -0.583370502261 -0.109623712585 0.265394738947 -0.615400540708 -0.257716144518 -0.0724522118399 -0.178646644687 -0.0657040161175 0.0446494696400 0.0412383856260 -0.0227599981877 0.131697388185 0.588640785132 -2.21898882848 -4.73231562640 -5.07792709080 -3.36906204931 -2.74225986324 -2.23389527502 -4.60238276266 -5.05744302040 -2.67889807474 -2.73957161086 -1.91340877079 -1.78048561914 -3.43546151052 -2.77722776846 -2.91864750133 -4.21640113246 -6.20870337801 -4.14438284403 -5.13534105713 -5.73907695407 -4.89797399943 -4.47005985481 -6.09984662378 -5.27409059513 -4.99562766411 -5.49734756282 -5.03078060346 -5.31894692666 -5.50061092472 -5.92354466104 -4.99446010469 -4.41515296317 -4.56112247550 -4.56789804183 -4.72612918246 -4.54551399481 -4.59855365782 -4.46617099881 -4.23802832591 -5.06535160754 -4.27081336762 -4.95641830446 -4.90238196689 -1.75376697813 -3.01584870538 -4.58427111424 -4.71242394123 -5.82220339226 -2.95010489082 -3.07255567805 -6.03502793493 -3.55590785008 -3.00268709571 -1.87842948274 -2.23579089882 -2.70387769783 -5.93058453323 -3.06563672680 -4.06786210513 -4.07408532920 -4.46922882305 -3.49460279203 -3.41759758608 -3.21798936054 -3.32260081455 -2.74175168957 -2.61508497200 -3.06563420968 -3.11659366338 -2.71596177282 -2.77693612221 -2.62051155373 -2.56401765707 -2.86140304927 -2.58958438352 -2.19848233630 -3.14918628928 -3.30543569018 -2.71451192286 -2.82805690996 -4.63330955532 -6.19626887334 -5.24768601648 -3.51020578856 -1.97309450715 -1.74088055089 -1.36722347464 -1.41320433631 -1.44321461926 -1.51995702689 -1.63033142084 -2.38367795090 -1.92299908654 -1.67156423276 -0.903868675616 -0.837854458976 -1.15539608487 -0.940983743406 -1.12646100355 -1.29228920469 -1.16762913253 -1.05844010482 -1.14537266574 -1.21737690099 -0.944599397424 -1.37381701219 -1.55722706350 -1.36350188007 -1.06253169790 -1.17932259614 -1.07829593054 -1.03583357790 -0.895475006554 -0.882096430601 -1.40165031205 -0.955493821585 -0.903657530469 -0.967138225828 -0.624286900874 -1.15277959686 -1.45399921137
# init_log_rec_devs:
 1.02742359021 0.742136136843 -0.629811210274 -0.438841778529 -0.284147070198 -0.179578206772 -0.105989073985 -0.131192620335
# log_rec_devs:
 0.0204421886286 0.107495547616 0.436492016755 0.264304015053 -0.369992310219 -0.535757531981 -0.612534285193 0.0392145430928 0.0715182867306 -0.472825054498 0.301548546555 0.216175917906 0.454037633586 -0.265063606839 -0.632887856029 -0.263624174119 -0.453100128359 -0.865573362143 -0.0254857075391 -0.136784561985 -0.691418289412 -0.722130801731 -0.592645648618 -0.329365059957 -0.749967119861 -0.231240926055 -0.346073297142 -0.884439557886 -0.428765602143 -0.550823228839 -0.481815616361 -0.644328194327 -0.846027644121 -0.364156508358 0.319532366575 -0.272455613577 0.584848796463 -0.562957240859 0.392030736419 -0.171046593479 0.651486409153 0.415494037501 0.725649678278 -0.0173291058586 0.699511333838 1.08513071742 1.03627122901 0.231428170474 0.579075553260 0.748458440974 0.918277668013 0.970894150584 0.477103554161 0.415697541517 0.332857003922 0.924818045227 -0.0922064164457 1.00732889796 -1.54378095789 0.729478874499
# log_m_nodes:
 -0.0697747443818 -0.0506185045540 0.143183590332 0.110331663342 -0.184914514837 0.0681968197332 0.0480608298311 -0.0412483225506 0.0667761403142 -0.0512351482009 0.0462534860253 -0.143554411623
