# Number of parameters = 189  Objective function value = -769.864  Maximum gradient component = 0.000106915
# theta[1]:
5.81681914984
# theta[2]:
0.834969125656
# theta[3]:
-1.00508416193
# theta[4]:
5.46327778619
# theta[5]:
5.22044377042
# theta[6]:
0.346291211993
# theta[7]:
0.886079980892
# sel_par[1]:
 1.04370326755 -0.871361042946
# sel_par[2]:
 1.17852848947 -0.969428928582
# sel_par[3]:
 -0.217747947958 -2.69552519905
# sel_par[4]:
 0.720275847948 -2.99573227355
# sel_par[5]:
 0.720275847948 -2.99573227355
# log_ft_pars:
 -0.440903832959 -0.0783691243576 -3.65738023886 -0.462932025026 -1.36831369878 0.345863688180 0.389933120071 -0.654521461752 0.0186786707405 -1.83353340385 -0.0290721359723 -0.973053745251 0.104066317146 0.286530496580 0.0380945634505 1.55111034065 0.423343998085 -1.91968079968 -4.58066386522 -2.08612523435 -4.36007272396 -6.93069636151 -4.57543679844 -6.14650986848 -8.58720639511 -7.50981617557 -6.80986977806 -7.45327418535 -6.16685511521 -1.12291324776 -1.52896962375 -2.18951189139 -2.39272790458 -1.72914327824 -2.04454363185 -1.43021535776 -8.46831123389 -5.48221137170 -3.46409246453 -3.34469387335 -2.37566409155 -2.42911439314 -2.68354790908 -2.44004674688 -2.40342242608 -1.92939284644 -1.91799343975 -1.38006709046 -1.54922421505 -1.62838441755 -1.33383309945 -1.19243419394 -1.71484101918 -2.08597902864 -1.51890296379 -1.87476859186 -1.69284920470 -1.59488599448 -2.01973006416 -2.40442937644 -2.13686886396 -1.70968243870 -1.58548200088 -3.27844682558 -4.63212808039 -2.70491641245 -1.22767654023 -1.37511412090 -1.27418163179 -1.13854483527 -0.392638409117 -3.34126948822 -2.44599275167 -2.35034191243 -2.45642656657 -2.18763128153 -2.37390853759 -2.78751562296 -3.05585627870 -2.93902694101 -1.93432494584 -2.03173062325 -2.41122933956 -2.68585532215 -2.10324681124 -2.22885850796 -2.51804438937 -3.68750942486 -3.65771325791 -2.96889504517 -2.32618544267 -2.95217999688 -3.50035411249 -3.53593535175 -3.67709914465
# init_log_rec_devs:
 1.23833985562 1.65160733621 0.449299435015 -0.903666069653 -0.736268050544 -0.571559143384 -0.430374889589 -0.697378486779
# log_rec_devs:
 -0.137123762854 -0.125384908981 1.28335029470 -0.398771324263 -0.205918515981 0.311034976687 0.346049798653 0.736238794675 -0.569553349903 0.429761682551 0.855174392773 0.587441437759 0.571498028547 -0.0745407539655 -0.771182089857 1.87114143519 -0.767086472171 -0.758080062770 0.486600645513 0.369393673968 0.241399168338 0.317645660367 0.0927259352967 0.112887981520 -0.633630043437 -0.869145746823 -0.754702370884 -0.777936850249 1.37389879625 0.384548665028 0.368395770451 -0.454543884894 -0.628906624089 0.409435478117 -0.328985934063 -0.0487441150267 1.18448535092 -0.824296293857 -1.30564628102 -0.406563655240 0.883561310150 -0.648101535055 -0.467666568722 -1.68891350107 -0.686538580150 0.656785254236 0.663952089343 -0.640430913630 -0.0627263028658 -0.795072802924 -0.0716015490949 0.737171723295 -0.174217976982 0.741094435847 -0.234053298623 0.276834831880 -0.548219268312 0.940634512781 -0.598322612556 0.515542921311 -0.292077191672
# log_m_nodes:
 -0.177990252686 -0.0985490167126 0.231286333763 0.0580328598357 -0.188239434941 0.136547912252 0.00613655574273 -0.114649310287 0.0484668766735 0.0907020640129 0.129122885292 -0.145927934186
