# Number of parameters = 155  Objective function value = -314.043  Maximum gradient component = 5.01333e-05
# theta[1]:
5.93901707317
# theta[2]:
0.772341072539
# theta[3]:
-1.16540229607
# theta[4]:
5.51072772886
# theta[5]:
4.69984849875
# theta[6]:
0.304347800000
# theta[7]:
0.869565200000
# sel_par[1]:
 1.35628256577 -0.229828622243
# sel_par[2]:
 1.29637721337 -0.588421247739
# sel_par[3]:
 -0.228116592249 -2.67446624589
# sel_par[4]:
 0.720275847948 -2.99573227355
# sel_par[5]:
 0.720275847948 -2.99573227355
# log_ft_pars:
 -1.52618199952 -0.191401952653 -3.11740174518 -4.01345079816 0.536724909456 0.930932097425 0.623441574451 -0.305506134608 -3.65033704321 -1.49889438346 -0.792556204069 0.298777559726 1.74578053569 -0.569452347561 -3.10222095466 -4.21901314382 -5.16284016468 -3.35510343287 -5.12666371174 -7.09074666936 -6.60469206834 -2.05346996972 -1.49630260598 -2.10355214720 -2.01430290404 -1.72257407933 -1.71461228380 -1.79809165710 -2.39283282143 -3.57051596951 -3.23315249080 -3.72269774755 -2.83511949980 -2.84498877905 -2.69877708294 -3.09469433290 -3.00583221010 -7.12937541927 -3.31781534576 -1.85917601060 -1.87456947226 -2.07851554068 -1.82287179390 -3.66197889447 -2.46827814867 -1.87431333008 -1.75198251984 -2.23816339017 -5.54207911294 -5.92758671370 -3.32758032153 -3.50456867149 -2.83135603493 -3.12241371632 -3.73775808676 -3.65339416471 -3.98399638122 -4.33176570470 -4.67625321185 -3.52760074159 -3.90190179668 -2.99501080039 -3.52451656413 -2.40732151782
# init_log_rec_devs:
 0.217947011681 0.805448999904 0.0375359360940 -0.459497190868 -0.245418183364 -0.150573335769 -0.0914148314484 -0.114028407373
# log_rec_devs:
 -0.842635486511 -0.226143024682 1.59123628766 -0.262378541222 -0.288756305655 -0.151329357383 -0.250749619429 0.835019286655 -0.439841869020 1.00012527009 1.02924055180 1.68717610818 -0.172781435350 0.166744884483 1.15816530233 -0.971210864453 -1.04171201653 0.0347147814729 0.119923012107 0.573421535412 0.226605993868 0.905445317827 0.616112388479 0.533480024177 -0.179457028021 -0.00700833443099 0.525410407590 -0.517136886810 1.65399340024 -0.0158478638492 -0.938115825501 0.0486875706803 1.21684233052 0.695778388184 -0.615391860114 -0.514307062943 1.16486213881 0.330467675407 -0.332938635911 -0.881076900222 0.328092370105 -2.08384848949 -1.89782854145 -1.19407867510 0.136832261509 0.235577718271 1.23907404336 -0.959062001688 -0.193003654552 0.0526195850249 0.0274314821683 0.756976829579 -0.469800658200 0.286560258588 -0.964724126413 0.291226019307 -1.35895768306 0.323656737409 -1.13641952991 -0.884957615640
# log_m_nodes:
 -0.0683306140959 0.126125976075 0.0979473781401 -0.0398296461685 -0.181869277428 0.0691033329814 0.0785409126919 -0.00872070908780 0.0520943586550 0.0769981632728 -0.0773989204655 -0.0943394759066
