# Number of parameters = 159  Objective function value = -335.784  Maximum gradient component = 0.00267770
# theta[1]:
5.83656430290
# theta[2]:
0.769653580531
# theta[3]:
-1.21078834798
# theta[4]:
5.34345427036
# theta[5]:
4.54483068312
# theta[6]:
0.343873198256
# theta[7]:
0.764559840411
# sel_par[1]:
 1.38802959889 -0.183597500954
# sel_par[2]:
 1.29540571282 -0.576217303365
# sel_par[3]:
 1.59496506895 -0.628127623362 -0.0242148630537
# sel_par[4]:
 0.720275847948 -2.99573227355
# sel_par[5]:
 0.720275847948 -2.99573227355
# log_ft_pars:
 -1.41039282710 -0.0579857149343 -3.04609437653 -3.96480390931 0.577581897824 0.993257425302 0.730525699357 -0.130793900689 -3.50716429399 -1.37487637959 -0.677477375047 0.419274497065 1.96045370197 -0.334286264780 -2.95268549057 -4.12185870730 -4.98896666967 -3.19166677897 -4.98296209342 -6.92790090290 -6.44061370365 -1.92703511211 -1.37851761626 -1.99670685975 -1.91189785772 -1.60339396357 -1.56653485912 -1.61512836337 -2.19078751273 -3.38333426387 -3.06329480773 -3.56299956655 -2.67969709717 -2.69333503717 -2.55626563768 -2.97026217332 -2.90440476295 -7.04109400162 -3.22582309156 -1.75853312385 -1.75568782421 -1.93782987372 -1.65512969152 -3.47358586203 -2.26149451452 -1.64229758334 -1.49292300312 -1.99149034817 -5.17120716156 -5.69947000836 -3.16115070295 -3.36999473851 -2.65285059953 -2.88263564768 -3.54026933967 -3.40317082478 -3.85023104835 -4.26455841545 -4.56996188378 -3.37488183700 -3.80248933522 -3.00005879707 -3.52760495080 -2.54660081850
# init_log_rec_devs:
 0.289606177881 0.865380505492 0.0641510800271 -0.504219381312 -0.282825780318 -0.182710841129 -0.109498601060 -0.139883157759
# log_rec_devs:
 -0.750872048914 -0.155258998987 1.75925003242 -0.145465860971 -0.181965495383 0.00589619950904 -0.109612654172 0.907283673547 -0.391380672118 1.08910799617 1.11129604984 1.76166550050 -0.102460894240 0.128718385729 1.21649234562 -0.871492660051 -0.988251515531 -0.177342270890 0.00756082986378 0.511824323079 0.227602014114 0.974469685768 0.699891984904 0.563460621705 -0.161527390797 -0.0186249820119 0.494281759975 -0.421350258545 1.65281879919 0.0108953631261 -1.05005239268 -0.00874588185474 1.19876923615 0.642372499292 -0.598715405168 -0.535053479842 1.11464456229 0.306171615248 -0.342902223468 -0.885395549753 0.327871746649 -2.13774345238 -1.97371037844 -1.22980882919 0.0946032556591 0.162732741949 1.12877338929 -1.09675870595 -0.341321246507 -0.105136625975 -0.0972047273700 0.648793802003 -0.555050167902 0.224775458373 -1.01410179085 0.220982696935 -1.28493792254 0.259315954805 -1.64095560788 -0.611391436608 0.532269045687
# log_m_nodes:
 -0.0672750787889 0.137342711405 0.0752565084904 -0.0435652812471 -0.169555462260 0.0861291438473 0.0564415712845 0.00618988159174 0.0574719069161 0.0637165651650 -0.0815569334176 0.0359124977721
