# Number of parameters = 158  Objective function value = -332.681  Maximum gradient component = 0.000637170
# theta[1]:
6.26764100255
# theta[2]:
0.810367683040
# theta[3]:
-1.15675657363
# theta[4]:
5.87362921466
# theta[5]:
4.76728018267
# theta[6]:
0.348723700242
# theta[7]:
0.823591560631
# sel_par[1]:
 1.39497657616 -0.247472036847
# sel_par[2]:
 1.29906289677 -0.587342047257
# sel_par[3]:
 -0.227020038449 -2.67150468786
# sel_par[4]:
 0.720275847948 -2.99573227355
# sel_par[5]:
 0.720275847948 -2.99573227355
# log_ft_pars:
 -1.44001872023 -0.128710485549 -3.11827990371 -4.02313929696 0.544087925977 0.978645765921 0.620846411496 -0.320754731026 -3.64130821589 -1.46382093185 -0.730356786088 0.386459874401 1.92403461977 -0.442771837310 -3.05742111949 -4.22970597255 -5.15792654864 -3.35003922901 -5.16821581347 -7.11358362303 -6.63559827937 -2.11857227008 -1.56624571686 -2.17306989427 -2.08121790822 -1.78924709250 -1.78461179874 -1.86992921413 -2.46178340297 -3.62745797084 -3.27615462349 -3.75485088466 -2.86843531206 -2.90110469540 -2.80474226222 -3.27557301029 -3.27665302077 -7.48836036974 -3.75590945165 -2.38504364597 -2.50732871692 -2.77346631935 -2.54193548440 -4.37800122396 -3.00698968163 -2.43167443275 -2.36947534325 -2.88879763947 -5.60296063919 -5.98777202040 -3.38972603048 -3.57009168463 -2.89884043002 -3.18532498063 -3.78659888699 -3.68794283987 -4.00901913721 -4.35872870876 -4.72542302102 -3.62593127475 -4.07583616022 -3.51117264805 -4.15597278519 -2.97419352629
# init_log_rec_devs:
 0.217247782855 0.789763888641 0.000439552810622 -0.455466075459 -0.232088666347 -0.141831174976 -0.0818199563350 -0.0962454158809
# log_rec_devs:
 -1.10217854304 -0.425560853946 1.45120724149 -0.475235727760 -0.527497689806 -0.365859900370 -0.420447739502 0.698176760215 -0.525249836864 0.950790257633 0.908213195895 1.50981737085 -0.343845060084 -0.147138106128 0.847506404606 -0.971393817086 -1.07870948808 -0.171499767600 -0.111539068761 0.330291789419 -0.00641473665788 0.668786641665 0.372142295810 0.283311263884 -0.428627702126 -0.255663686723 0.275870524341 -0.736374796754 1.40424754083 -0.283795887406 -1.16135032008 -0.254729204412 0.910741297171 0.409894628188 -0.846631135219 -0.683831567499 1.09977886375 0.358792789950 -0.190937768849 -0.611740872062 0.681770885111 -1.69307404621 -1.51313046533 -0.795557286649 0.494401224094 0.523255157844 1.47912260528 -0.738273080163 0.0710715527985 0.313241137602 0.317927826398 1.06082401719 -0.176855358677 0.600799303102 -0.654958660642 0.593973340264 -0.921221260987 0.637145530462 -1.28331967313 -0.127948533540 0.777490129993
# log_m_nodes:
 -0.00522900628017 0.123301533479 0.0703844648945 -0.0528016745467 -0.171697846776 0.0883229180935 0.0201898775216 0.0421819753270 0.0531333010415 0.0528817319000 -0.0860537441427 0.0366104709853
