#NB The mean-wt data herein were corrected on June 3, 2012.
## ________________________
## ____Model Dimensions____
1951		#first year of data
2011		#last year of data
2			#age of youngest age class
10			#age of plus group
5			#number of gears (ngear)
## flags for fishery (1) or survey (0) in ngears
#1	1	1	0	0
0	0.97727164	0.02272836	0 0
## ________________________
## ________________________
#Age-schedule and population parameters
#natural mortality rate (m)
0.334
#growth parameters (linf,k,to)  (from fishbase)
27.0, 0.48, 0
#length-weight allometry (a,b)
4.5e-6, 3.1270
#maturity at age (am=log(3)/k) & gm=std for logistic
2.055, 0.05
## ________________________
#Time series data
#Observed catch (1951-2011, 1000s metric t)
#Year P1 P2 P3 S1 S2
1951  2.847  0.000 0.000 0 0
1952 10.147  0.000 0.000 0 0
1953  0.000  0.000 0.000 0 0
1954  1.786  0.000 0.000 0 0
1955  1.234  0.000 0.000 0 0
1956 77.681  0.000 0.000 0 0
1957 23.711  0.000 0.000 0 0
1958 11.166  0.000 0.000 0 0
1959  7.027  0.000 0.000 0 0
1960  0.000  0.000 0.000 0 0
1961  0.653  0.000 0.000 0 0
1962  7.632  0.000 0.000 0 0
1963 14.980  0.000 0.000 0 0
1964 28.777  0.000 0.000 0 0
1965 35.448  0.000 0.000 0 0
1966  2.746  0.000 0.000 0 0
1967  0.213  0.000 0.000 0 0
1968  0.080  0.000 0.000 0 0
1969  0.000  0.000 0.000 0 0
1970  0.000  0.000 0.000 0 0
1971  0.102  0.000 0.000 0 0
1972  0.849  3.124 0.000 0 0
1973  0.000  7.520 0.000 0 0
1974  0.000  6.191 0.127 0 0
1975  0.000  7.619 0.105 0 0
1976  0.374 11.939 1.802 0 0
1977  0.000 11.146 1.489 0 0
1978  0.000  9.172 2.553 0 0
1979  0.000  5.867 2.086 0 0
1980  0.000  2.106 1.210 0 0
1981  0.000  3.926 1.705 0 0
1982  0.000  2.371 1.407 0 0
1983  0.067  4.661 0.929 0 0
1984  0.096  4.016 0.535 0 0
1985  0.000  4.616 1.493 0 0
1986  0.000  2.613 0.890 0 0
1987  0.000  2.061 0.000 0 0
1988  0.000  0.032 0.000 0 0
1989  0.000  1.461 0.000 0 0
1990  0.000  5.542 1.170 0 0
1991  0.000  3.899 0.543 0 0
1992  0.000  2.524 0.000 0 0
1993  0.000  2.699 0.000 0 0
1994  0.000  0.299 0.000 0 0
1995  0.000  0.000 0.000 0 0
1996  0.000  0.000 0.000 0 0
1997  0.000  0.000 0.000 0 0
1998  0.000  1.372 0.000 0 0
1999  0.000  2.500 0.473 0 0
2000  0.000  1.764 0.000 0 0
2001  0.000  0.000 0.000 0 0
2002  0.000  0.706 0.000 0 0
2003  0.000  0.000 0.000 0 0
2004  0.000  0.000 0.000 0 0
2005  0.000  0.000 0.000 0 0
2006  0.000  0.000 0.000 0 0
2007  0.000  0.000 0.000 0 0
2008  0.000  0.000 0.000 0 0
2009  0.000  0.000 0.000 0 0
2010  0.000  0.000 0.000 0 0
2011  0.000  0.000 0.000 0 0
#Relative Abundance index from fisheries independent survey (it) 1970-2008
#nit
#61
2
#nit_nobs
37		24
#survey type
## 1 = survey is proportional to vulnerable numbers
## 2 = survey is proportional to vulnerable biomass
## 3 = survey is proportional to spawning biomass (e.g., herring spawn survey)
3	3
#iyr     it gear wt		survey timing
1951  4.213    4  1  1
1952  2.578    4  1  1
1953  7.555    4  1  1
1954 12.408    4  1  1
1955  6.437    4  1  1
1956  6.042    4  1  1
1957  1.592    4  1  1
1958  0.815    4  1  1
1959  8.981    4  1  1
1960  6.599    4  1  1
1961  8.981    4  1  1
1962  5.730    4  1  1
1963  7.297    4  1  1
1964  4.104    4  1  1
1965  1.378    4  1  1
1966  2.824    4  1  1
1967  0.710    4  1  1
1968  0.833    4  1  1
1969  2.075    4  1  1
1970  5.552    4  1  1
1971 13.291    4  1  1
1972  9.542    4  1  1
1973  7.960    4  1  1
1974 14.510    4  1  1
1975  9.686    4  1  1
1976 16.374    4  1  1
1977 16.408    4  1  1
1978 18.371    4  1  1
1979 13.649    4  1  1
1980 31.904    4  1  1
1981 20.294    4  1  1
1982 23.593    4  1  1
1983 21.391    4  1  1
1984 23.439    4  1  1
1985 18.625    4  1  1
1986  6.847    4  1  1
1987 12.289    4  1  1
1988 15.245    5  1.1666  1
1989 25.201    5  1.1666  1
1990 27.058    5  1.1666  1
1991 17.998    5  1.1666  1
1992 12.376    5  1.1666  1
1993  8.152    5  1.1666  1
1994 14.293    5  1.1666  1
1995  4.701    5  1.1666  1
1996  7.377    5  1.1666  1
1997 11.215    5  1.1666  1
1998 21.649    5  1.1666  1
1999 10.610    5  1.1666  1
2000  6.698    5  1.1666  1
2001 15.195    5  1.1666  1
2002  3.257    5  1.1666  1
2003  8.801    5  1.1666  1
2004  5.668    5  1.1666  1
2005  3.614    5  1.1666  1
2006  4.097    5  1.1666  1
2007  9.436    5  1.1666  1
2008  4.213    5  1.1666  1
2009  8.935    5  1.1666  1
2010  6.113    5  1.1666  1
2011  6.792    5  1.1666  1
#Age composition data by year, gear (ages 2-15+)
#na_gears
3
#na_nobs
10	40	15
#a_sage
2	2	2
#a_page
10	10	10
#yr gear   		V2   V3   V4   V5  V6  V7  V8 V9 V10  #Number aged.
1951  1    1  226  781  226  170   62    9   1   0
1952  1  381  485  760  479   92   25    2   0   0
1956  1    2  216  130  838  113   37   10   0   0
1957  1  901 1116  718  423 1167  111   21   5   0
1958  1 2259  462   35    5    4    4    0   0   0
1959  1    1   60   27    7    0    0    0   0   0
1962  1    7  106  120   16   20    2    1   0   0
1963  1    3  402  218  146   17   16    0   1   1
1964  1    5   78  294   81   26    6    0   0   0
1965  1   17  833  105   41   15    6    2   0   0
1972  2   36  386  454  190   72   29   11   5   1
1973  2    3  700  372  471  138   29   13   0   0
1974  2    2  471  593  255  125   25    5   1   0
1975  2   38 1521 2056 1677  573  117   22   6   0
1976  2   18  114 1495 1186  940  260   39   3   0
1977  2    3  625  258  944  728  466  141  13   0
1978  2    2  308  202  112  311  165   58  11   2
1979  2   57   45  298  167  186  130   28   4   0
1980  2   70 3361  168  179  100   62   46  26   3
1981  2   34  234 5380  322  177  111   45  18  11
1982  2   30  165  158 2973   87   54   35  19   1
1983  2   96  103   69  135 1434   77   31  18   4
1984  2   94 1268  158  100  352 1455   39  12   6
1985  2   47  531 1132  144  160  404 1119  16   1
1986  2   10  134 1041 1902  191  155  380 905  15
1987  2   57  342  192  799 1239  126  142 190 190
1988  2   61  855  126   80  197  249   23  28  32
1989  2   81  622 2364  143   56  139   99  22  15
1990  2   11  487  918 3033  199   93  193  86  14
1991  2  227  140  361  972 1303  125   61 135  51
1992  2   23 1243  159  270  402  992   77  19  27
1993  2   12  128 2240  165  225  448  436  43   9
1994  2   75   52   61  590  129  133  132  39   5
1995  2   68   75   11   21  178   46   38  25  11
1996  2  103  515   89   31   32  149   23  11   2
1997  2  372  430  549   86   25   73   88  14   3
1998  2   10 1470  758  315   73   18   33  30   7
1999  2  108   58 1610  433  204   64   16  10   9
2000  2  107  398   84 1270  171   97    9  10   3
2001  2  175  363  256   58  240   35   16   3   1
2002  2  602  750  706  369   86  371   42  13   3
2003  2    2 1685  453  159   80   28   52  10   3
2004  2  248   20  428   74   34   22   12   5   2
2005  2   17  606  205  374   51   31   16   6   3
2006  2  136   72  305   67  108   20    3   0   2
2007  2    6  247   78  114   32   56   12   1   0
2008  2   86   68  583   70   79   17   15   0   2
2009  2    1  645   76  222   20   29    4   5   1
2010  2   39   70  644   62  170   18   13   3   2
2011  2   21  522   90  371   65  100    9   4   0
1974  3    0    9   76   40   26    5    0   0   1
1975  3    0    0    9   16   12    2    1   0   0
1976  3    0    0    1   29   81   19    3   0   0
1978  3    0    0    6   17   29   56   29   6   1
1979  3    0    0   48   44   46   26    6   0   0
1980  3    0   29   27  229  104   93   27   9   0
1981  3    0    2  583   61   77   44   19   4   0
1982  3    0    1   16  425   16   11    5   2   0
1983  3    0    0    7   14  532   16   14   3   3
1984  3    0   11    5   18   35  313    7   1   1
1985  3    0   20   59    7   11   30  113   1   0
1986  3    0    0   41  172   13   17   29  49   1
1990  3    0    2   32  174   39   33   68  33   2
1991  3    0    0    8   79  153   34   25  36  16
1999  3    0    4  185  137  175   60   16   8  11
#n_wt_obs
61
#Mean weight-at-age in kilograms (interpolated: from HCAM.rep)
#A$yr     V1     V2     V3     V4     V5     V6     V7     V8     V9
1951 0.0580 0.0673 0.0849 0.0986 0.1140 0.1257 0.1419 0.0960 0.1840
1952 0.0386 0.0764 0.1009 0.1161 0.1364 0.1524 0.1430 0.1513 0.1840
1953 0.0517 0.0851 0.1077 0.1277 0.1501 0.1632 0.1736 0.1513 0.1840
1954 0.0517 0.0851 0.1077 0.1277 0.1501 0.1632 0.1736 0.1513 0.1840
1955 0.0517 0.0851 0.1077 0.1277 0.1501 0.1632 0.1736 0.1513 0.1840
1956 0.0430 0.0878 0.1099 0.1211 0.1474 0.1604 0.1663 0.1513 0.1840
1957 0.0413 0.0863 0.1191 0.1347 0.1433 0.1649 0.1661 0.1850 0.1840
1958 0.0461 0.0751 0.0995 0.1218 0.1475 0.1613 0.1736 0.1513 0.1840
1959 0.0620 0.0880 0.0984 0.1171 0.1501 0.1632 0.1736 0.1513 0.1840
1960 0.0517 0.0851 0.1077 0.1277 0.1501 0.1632 0.1736 0.1513 0.1840
1961 0.0517 0.0851 0.1077 0.1277 0.1501 0.1632 0.1736 0.1513 0.1840
1962 0.0560 0.0938 0.1235 0.1414 0.1534 0.1765 0.1680 0.1513 0.1840
1963 0.0580 0.0879 0.1185 0.1436 0.1659 0.1619 0.1736 0.1730 0.1840
1964 0.0570 0.0917 0.1096 0.1347 0.1605 0.1827 0.1736 0.1513 0.1840
1965 0.0565 0.0969 0.1128 0.1475 0.1822 0.1830 0.2565 0.1513 0.1840
1966 0.0517 0.0851 0.1077 0.1277 0.1501 0.1632 0.1736 0.1513 0.1840
1967 0.0517 0.0851 0.1077 0.1277 0.1501 0.1632 0.1736 0.1513 0.1840
1968 0.0517 0.0851 0.1077 0.1277 0.1501 0.1632 0.1736 0.1513 0.1840
1969 0.0517 0.0851 0.1077 0.1277 0.1501 0.1632 0.1736 0.1513 0.1840
1970 0.0668 0.0986 0.1273 0.1513 0.1734 0.1897 0.2035 0.2158 0.2135
1971 0.0668 0.0986 0.1273 0.1513 0.1734 0.1897 0.2035 0.2158 0.2135
1972 0.0590 0.1067 0.1505 0.1709 0.2125 0.2310 0.2425 0.2496 0.2500
1973 0.0733 0.0990 0.1450 0.1799 0.2128 0.2357 0.2395 0.2158 0.2135
1974 0.1095 0.0885 0.1266 0.1553 0.1913 0.2129 0.2438 0.2540 0.2135
1975 0.0589 0.0869 0.1197 0.1558 0.1885 0.2062 0.2086 0.2295 0.2135
1976 0.0628 0.0995 0.1237 0.1523 0.1846 0.2073 0.2369 0.2397 0.2135
1977 0.0540 0.1055 0.1335 0.1503 0.1770 0.2023 0.2176 0.2428 0.2135
1978 0.0695 0.0964 0.1305 0.1551 0.1697 0.1887 0.2072 0.2370 0.2655
1979 0.0593 0.1044 0.1300 0.1604 0.1730 0.1891 0.2105 0.2028 0.2135
1980 0.0616 0.0840 0.1054 0.1478 0.1742 0.1881 0.1983 0.2257 0.2263
1981 0.0636 0.0976 0.1135 0.1321 0.1604 0.1773 0.1838 0.1952 0.1953
1982 0.0639 0.1025 0.1198 0.1283 0.1416 0.1655 0.1743 0.1927 0.2030
1983 0.0688 0.0981 0.1249 0.1409 0.1546 0.1666 0.1788 0.2003 0.2020
1984 0.0642 0.0936 0.1155 0.1355 0.1411 0.1519 0.1720 0.1842 0.1953
1985 0.0622 0.1012 0.1276 0.1468 0.1611 0.1657 0.1858 0.2057 0.1930
1986 0.0773 0.1168 0.1409 0.1589 0.1712 0.1804 0.1882 0.2023 0.2258
1987 0.0667 0.1066 0.1318 0.1511 0.1676 0.1742 0.1798 0.1882 0.1991
1988 0.0610 0.0890 0.1249 0.1500 0.1658 0.1817 0.1916 0.2032 0.1937
1989 0.0620 0.0928 0.1190 0.1451 0.1589 0.1781 0.1923 0.1932 0.2033
1990 0.0661 0.0977 0.1159 0.1390 0.1537 0.1668 0.1838 0.1926 0.1804
1991 0.0607 0.0849 0.1131 0.1273 0.1419 0.1564 0.1633 0.1765 0.1809
1992 0.0586 0.0949 0.1200 0.1431 0.1477 0.1745 0.1789 0.1742 0.1910
1993 0.0771 0.1009 0.1155 0.1281 0.1476 0.1534 0.1610 0.1828 0.1810
1994 0.0692 0.0943 0.1191 0.1250 0.1380 0.1482 0.1469 0.1550 0.1846
1995 0.0626 0.0972 0.1349 0.1398 0.1519 0.1595 0.1823 0.1758 0.1860
1996 0.0552 0.0896 0.1103 0.1308 0.1390 0.1512 0.1530 0.1603 0.1325
1997 0.0591 0.0877 0.1053 0.1217 0.1510 0.1520 0.1605 0.1632 0.1710
1998 0.0621 0.0803 0.0841 0.1091 0.1204 0.1360 0.1397 0.1478 0.1504
1999 0.0573 0.0888 0.1032 0.1106 0.1275 0.1370 0.1483 0.1413 0.1701
2000 0.0589 0.0818 0.0969 0.1145 0.1288 0.1366 0.1443 0.1428 0.1577
2001 0.0575 0.0804 0.0999 0.1149 0.1311 0.1422 0.1605 0.1670 0.2110
2002 0.0556 0.0799 0.0998 0.1172 0.1281 0.1392 0.1501 0.1638 0.1590
2003 0.0485 0.0845 0.1109 0.1226 0.1457 0.1559 0.1673 0.1549 0.1787
2004 0.0529 0.0597 0.1031 0.1121 0.1358 0.1375 0.1473 0.1660 0.1705
2005 0.0548 0.0789 0.0824 0.1147 0.1220 0.1438 0.1468 0.1618 0.1463
2006 0.0506 0.0679 0.0858 0.0956 0.1112 0.1168 0.1390 0.1599 0.1410
2007 0.0610 0.0775 0.0826 0.1075 0.1143 0.1336 0.1312 0.1050 0.1684
2008 0.0484 0.0686 0.0890 0.0948 0.1124 0.1139 0.1367 0.1599 0.1320
2009 0.0390 0.0672 0.0848 0.1020 0.0995 0.1180 0.1148 0.1342 0.1440
2010 0.0538 0.0746 0.0925 0.1099 0.1250 0.1271 0.1622 0.1390 0.1660
2011 0.0536 0.0697 0.0803 0.0985 0.1116 0.1206 0.1287 0.1288 0.1500
#eof
999
