# Number of parameters = 204  Objective function value = -330.229  Maximum gradient component = 0.000231108
# theta[1]:
5.82573748393
# theta[2]:
0.765421635030
# theta[3]:
-1.21933373011
# theta[4]:
5.33608374835
# theta[5]:
4.52086522645
# theta[6]:
0.342477190397
# theta[7]:
0.772234399751
# sel_par[1]:
 1.39652608763 -0.182019293819
# sel_par[2]:
 1.29690239854 -0.587894122116
# sel_par[3]:
 0.0236515470119 -3.62276484610
# sel_par[4]:
 0.720275847948 -2.99573227355
# sel_par[5]:
 0.720275847948 -2.99573227355
# log_ft_pars:
 -1.37259579193 -0.0151745711670 -3.02423503525 -3.95314849974 0.580087916222 1.00101964950 0.737035256046 -0.105119944804 -3.44100124999 -1.30580622900 -0.624792747866 0.449000106799 1.96491037473 -0.334456707742 -2.90913414522 -4.04362791075 -4.96784133511 -3.18520886790 -4.96015722780 -6.93704530389 -6.44174062565 -1.93508200630 -1.38469417222 -1.99406544046 -1.90693242094 -1.58722337147 -1.52908131771 -1.55076163512 -2.11041477231 -3.32402115625 -3.05137990549 -3.57145982982 -2.69080800895 -2.69698233604 -2.53678539875 -2.91535300233 -2.81835046710 -6.95320889768 -3.16973370556 -1.73830267844 -1.77119199197 -1.97962944623 -1.70120762470 -3.48872997789 -2.20870937351 -1.62462033110 -1.50318373367 -2.00315154238 -5.67279946540 -5.71214479715 -3.23994550974 -3.31627248177 -2.52693296384 -2.82991928009 -3.38502430517 -3.31671680052 -3.75237959455 -4.11934483875 -4.52314071247 -3.39426958449 -3.71872520694 -2.93303618343 -3.49040871903 -2.33089584609
# init_log_rec_devs:
 0.297139966245 0.871490191350 0.0630728146102 -0.510921305723 -0.285653682262 -0.184435907961 -0.110270235449 -0.140421845355
# log_rec_devs:
 -0.758797205071 -0.159856842059 1.76175392392 -0.140263150592 -0.166557765940 0.0375173460621 -0.0708001903328 0.954819962400 -0.364361474361 1.09611253773 1.07723137557 1.70965351749 -0.123682984169 0.0938552414930 1.25289578655 -0.797910475759 -0.922407936553 -0.119225732744 -0.00402514284646 0.501293654679 0.215540661735 0.925534198281 0.741830730787 0.581163236623 -0.131441908760 -0.0188204045795 0.461015719631 -0.468981339209 1.71473259538 -0.00766982588642 -1.02403009407 0.0587730573690 1.23623438095 0.678158627276 -0.581200597843 -0.530960108743 1.09786875988 0.239364212655 -0.399767103664 -0.908605279057 0.354908687287 -2.07740391761 -1.88006790185 -1.16267503404 0.142560408140 0.161786100922 1.07336666987 -1.14786362319 -0.357798603171 -0.0766348570812 -0.0359131034020 0.719855606954 -0.520846993028 0.231753701506 -1.04418093090 0.199728266539 -1.43626560832 0.266411962424 -1.19742367047 -0.949281114527
# log_m_nodes:
 -0.0803855772145 -0.0544361942352 -0.00586095269891 0.0530297009291 0.112096390494 0.153595190202 0.164432077306 0.151703222239 0.120234693666 0.0780912574213 0.0484455826389 0.0480092594687 0.0697759562031 0.0829168429584 0.0619739531794 8.44684709858e-05 -0.0754909332106 -0.126185964090 -0.149373941355 -0.155000026863 -0.156528236732 -0.149645006715 -0.127654287829 -0.0901830370809 -0.0479326147447 -0.00357716758325 0.0328981016953 0.0637543411572 0.0897739471527 0.109412530654 0.113490370871 0.110249525907 0.0890493269066 0.0566934968093 0.00556849806409 -0.0279411995945 -0.0445391409055 -0.0259450069349 0.0136083473574 0.0539229192389 0.0781291379992 0.0792660695743 0.0638614679794 0.0307879383034 0.0145754792253 0.0365541026301 0.0762932380900 0.101798498220 0.100332603417 0.0724273980344 0.0145449110444 -0.0327469219369 -0.0696397284152 -0.0993750515046 -0.100682389489 -0.0910460671290 -0.0807086274352 -0.0754954935458 -0.000630332120442
