# Number of parameters = 159  Objective function value = -326.072  Maximum gradient component = 0.000571410
# theta[1]:
5.94261690693
# theta[2]:
0.810063196514
# theta[3]:
-1.23024446826
# theta[4]:
5.53585003431
# theta[5]:
4.47001360271
# theta[6]:
0.356200144404
# theta[7]:
0.810353377940
# sel_par[1]:
 1.41418346073 -0.160950327932
# sel_par[2]:
 1.29463973054 -0.579486069992
# sel_par[3]:
 1.59927429911 -0.619508827418 -0.0121315121246
# sel_par[4]:
 0.720275847948 -2.99573227355
# sel_par[5]:
 0.720275847948 -2.99573227355
# log_ft_pars:
 -1.30420633776 0.0751104349276 -2.95895241868 -3.90075043334 0.617711052639 1.07608828383 0.831405105417 -0.0155019865674 -3.43839655028 -1.31797386045 -0.619802129693 0.491553210541 2.07160429787 -0.174350101412 -2.78406795897 -3.98608230077 -4.91415077029 -3.11464086706 -4.91926897330 -6.85836089122 -6.38732294418 -1.88877393261 -1.33581049550 -1.95408549912 -1.87136189056 -1.56210798561 -1.51884027837 -1.55747519984 -2.12316984882 -3.31408125002 -2.99506259108 -3.49380319609 -2.61716489562 -2.65087539658 -2.55163981293 -3.02094153208 -3.02390422929 -7.23166250649 -3.48291993426 -2.09127201400 -2.18406586545 -2.43441435176 -2.19300247846 -4.03017092320 -2.68800418194 -2.09202456263 -2.00792254881 -2.53476256124 -5.11984599410 -5.64085389953 -3.10627903359 -3.30971991138 -2.58418177947 -2.80167762928 -3.45217733343 -3.31718615631 -3.76807739703 -4.19299479193 -4.52287642944 -3.36403050948 -3.84295292268 -3.32076693729 -3.95250141806 -2.99633370630
# init_log_rec_devs:
 0.310048135171 0.886527618833 0.0685365315636 -0.521962557513 -0.293246670639 -0.192131818754 -0.113541176672 -0.144230201750
# log_rec_devs:
 -0.998423484243 -0.399832109323 1.54928782521 -0.357311480868 -0.390731933859 -0.184375361303 -0.329803604188 0.661932009897 -0.611784396444 0.877787454043 0.910110540035 1.57352350761 -0.198734975099 -0.0906896990981 1.02902489411 -0.962081072114 -1.09904425586 -0.265840620566 -0.136597952778 0.329847951077 0.0258554461834 0.750036544540 0.466611539166 0.324686516669 -0.396554059504 -0.258379912100 0.244387192376 -0.635060651206 1.41070418811 -0.249191463244 -1.19722104318 -0.275495727510 0.940023072936 0.401613005193 -0.785973854158 -0.672158803613 1.04899136579 0.324397895787 -0.229912171202 -0.659610838548 0.623230790970 -1.74830621147 -1.57378838347 -0.845003975298 0.439299148492 0.466572325965 1.41018896951 -0.797158065806 -0.00466457903015 0.236428785372 0.247221732118 0.992440804913 -0.223085596726 0.557233949756 -0.687478902821 0.551245337172 -0.956928023826 0.593560155049 -1.31630181672 -0.209325146875 0.760607238201
# log_m_nodes:
 -0.0649289875076 0.134821564022 0.0897347550277 -0.0464653313642 -0.182256571909 0.0958350413606 0.0245379412793 0.0441647954528 0.0544419116878 0.0568886244465 -0.0841687495430 0.0337156816102
