# Number of parameters = 194  Objective function value = -1963.13  Maximum gradient component = 0.0156881
# theta[1]:
7.50182235916
# theta[2]:
0.732634951400
# theta[3]:
-1.04982200000
# theta[4]:
7.40039879147
# theta[5]:
6.83733582726
# theta[6]:
0.989998017047
# theta[7]:
14.9999999889
# sel_par[1]:
 0.311464721305 -0.0230593727196 0.0817041648388
 0.224038721594 0.00269024503569 0.00675127600035
 0.129481369320 0.0368083672710 -0.0163045156449
 8.56148037958e-05 0.00450058911646 0.0352813957537
 -0.129692480837 -0.0276071029241 0.00794838280819
 -0.213806997932 -0.0531715752590 -0.0229772989024
 -0.321570947971 0.0598388492312 -0.0924034047892
# sel_par[2]:
 -0.0102610000231 0.00684259282060 -0.0560096279474
 0.0646132038266 0.00628934603074 -0.0637078604859
 0.115932139433 0.0190009003034 -0.0137705132761
 0.0737534214497 0.00960651711589 0.0710474152395
 -0.0197106496208 -0.0230671648704 0.112632476584
 -0.118782571025 -0.0420301175371 -0.0101968518640
 -0.105544544125 0.0233579262148 -0.0399950382645
# sel_par[3]:
 1.09861228867 -0.693147180560
# sel_par[4]:
 1.09861228867 -0.693147180560
# sel_par[5]:
 1.09861228867 -0.693147180560
# log_ft_pars:
 -11.8953315814 -13.6874759880 -10.4576790713 -8.13412931688 -9.37537329945 -10.3423990692 -9.49298856461 -10.2709979582 -8.27942091121 -11.2252946138 -9.44892661138 -10.4454367567 -10.9002772452 -12.5090438155 -10.9894026241 -10.6206355927 -10.9022165232 -7.37946054952 -10.8983166763 -9.69242627013 -8.66299148405 -9.05870446411 -9.13602141375 -7.90575295130 -5.43880172128 -5.30221747223 -4.43680808587 -4.55736785312 -4.55479579723 -4.12632583745 -4.32417837095 -4.52098354532 -4.34922769387 -4.52399469447 -4.45034753425 -4.47949479417 -4.45505604073 -4.61245244013 -4.88312211513 -4.81629777951 -8.14525197913 -12.7714004955 -4.47073264723 -1.85242390255 -2.21172618053 -2.68631906778 -4.30506009832 -5.79913459553 -5.53147404452 -2.96979178468 -1.63041690441 -1.77090985875 -1.78046709352 -0.519410796841 -1.40161408432 -1.06389757553 -1.15473306703 -2.11624363502 -1.95635363801 -1.98939274393 -2.25709573887 -2.33009164903 -2.07382516287 -2.64454559492 -1.93339609754 -1.90106896688 -1.78494936521 -2.14985944035 -2.02610316274 -1.85131754007 -2.07469777172 -2.12551759041 -2.91382870081 -3.08008331852 -4.48312768408 -3.80083457769 -3.57818943117 -4.23319979732 -4.95271194878 -5.42117823543 -6.44785121968 -6.17252713018 -6.00615154882 -7.73658347345 -7.57459023982 -11.5151757946
# init_log_rec_devs:
 0.0226957749278 0.00501562465345 -0.0147938889392 -0.0159835417940 -0.00446651379619 0.000782126057805 0.00182364168548 0.00492632701416
# log_rec_devs:
 0.173268065140 0.0183287250535 0.0209445581278 0.0392412705482 0.0341737742032 0.0294325411523 0.0294726110184 0.0390017302267 0.0509878489451 0.0618770643343 0.0652873879579 0.0493937095651 0.0313438465325 0.0118431933248 -0.0889171798598 -0.141766249655 -0.211453088499 -0.254268080570 -0.224952843013 -0.190108978762 -0.154007232281 -0.118836817081 -0.0886374819518 -0.0700045129341 -0.0460127578519 -0.0396761784248 -0.0380392425723 -0.0429706156476 -0.0390193641986 -0.0366003044541 -0.0385685805689 -0.0357828487955 -0.0316356376109 -0.0154907715274 0.00175118707769 0.0221009312698 0.0374985981308 0.0482212654605 0.0574393205284 0.0645955898090 0.0706557342437 0.0757243312748 0.0791271010975 0.0818370955309 0.0843300584948 0.0861962186504 0.0878815059337 0.0891728043859 0.0902262419254 0.0910069208088 0.0917698751490 0.0926179886134
# log_m_nodes:
 0.00000000000 0.00000000000 0.00000000000 0.00000000000 0.00000000000 0.00000000000 0.00000000000 0.00000000000 0.00000000000 0.00000000000 0.00000000000 0.00000000000
