#JSC: All data were updated Aug 14, 2012.
## ________________________
## ____Model Dimensions____
1951		#first year of data
2012		#last year of data
2			#age of youngest age class
10			#age of plus group
5			#number of gears (ngear)
## flags for fishery (1) or survey (0) in ngears
#1	1	1	0	0
0.000	0.875	0.125	0	0	#20-year average catch values (2012)
#0.00065774	0.90120814	0.09813412	0  0	##20-year average catch values (2011)
## NEW: Catch type
## 1 = biomass
## 2 = catch in numbers
## 3 = roe removed (expressed as tons of spawning biomass equivalents)
1     1     1     1     1
## ________________________
## ________________________
#Age-schedule and population parameters
#natural mortality rate (m)
0.334
#growth parameters (linf,k,to)  (from fishbase)
27.0, 0.48, 0
#length-weight allometry (a,b)
4.5e-6, 3.1270
#maturity at age (am=log(3)/k) & gm=std for logistic
2.055, 0.05
## ________________________
#Time series data
#Observed catch (1951-2012, 1000s metric t)
#Year P1 P2 P3 S1 S2
1951	42.458	0.000	0.000	0	0
1952	33.195	0.000	0.000	0	0
1953	0.768	0.000	0.000	0	0
1954	24.616	0.000	0.000	0	0
1955	11.594	0.000	0.000	0	0
1956	43.627	0.000	0.000	0	0
1957	23.261	0.000	0.000	0	0
1958	9.849	0.000	0.000	0	0
1959	27.870	0.000	0.000	0	0
1960	4.037	0.000	0.000	0	0
1961	31.704	0.000	0.000	0	0
1962	15.709	0.000	0.000	0	0
1963	44.054	0.000	0.000	0	0
1964	31.895	0.000	0.000	0	0
1965	15.670	0.000	0.000	0	0
1966	37.482	0.000	0.000	0	0
1967	21.890	0.000	0.000	0	0
1968	1.528	0.000	0.000	0	0
1969	0.000	0.000	0.000	0	0
1970	0.209	0.000	0.000	0	0
1971	3.614	0.000	0.000	0	0
1972	0.388	8.755	0.137	0	0
1973	0.035	6.653	1.112	0	0
1974	0.000	3.621	5.267	0	0
1975	0.000	3.343	5.395	0	0
1976	0.000	6.198	6.213	0	0
1977	0.320	3.881	6.904	0	0
1978	0.000	4.769	9.277	0	0
1979	0.005	0.000	0.000	0	0
1980	0.010	0.000	0.528	0	0
1981	0.006	0.263	2.304	0	0
1982	0.041	2.258	4.071	0	0
1983	0.000	2.061	3.579	0	0
1984	0.002	3.588	3.582	0	0
1985	0.000	2.915	2.294	0	0
1986	0.038	2.173	1.176	0	0
1987	0.000	2.695	0.920	0	0
1988	0.028	3.529	0.970	0	0
1989	0.000	6.531	2.911	0	0
1990	0.000	5.305	3.046	0	0
1991	0.000	7.097	1.806	0	0
1992	0.088	7.163	1.111	0	0
1993	0.000	8.478	2.038	0	0
1994	0.000	9.757	2.122	0	0
1995	0.000	8.131	1.451	0	0
1996	0.000	3.897	0.402	0	0
1997	0.000	3.276	0.344	0	0
1998	0.000	7.976	0.646	0	0
1999	0.000	6.013	1.511	0	0
2000	0.000	6.394	0.972	0	0
2001	0.000	5.613	0.517	0	0
2002	0.000	2.894	0.399	0	0
2003	0.000	2.299	0.289	0	0
2004	0.000	2.988	0.000	0	0
2005	0.000	3.778	0.000	0	0
2006	0.000	3.072	0.000	0	0
2007	0.000	0.398	0.000	0	0
2008	0.000	0.000	0.000	0	0
2009	0.000	0.000	0.000	0	0
2010	0.000	0.000	0.000	0	0
2011	0.000	0.000	0.000	0	0
2012	0.000	0.000	0.000	0	0
#Relative Abundance index from fisheries independent survey (it) 1970-2008
#nit
#61
2
#nit_nobs
37		25
#survey type
## 1 = survey is proportional to vulnerable numbers
## 2 = survey is proportional to vulnerable biomass
## 3 = survey is proportional to spawning biomass (e.g., herring spawn survey)
3	3
#iyr     it gear wt		survey timing
1951	15.39	4	1	1
1952	10.295	4	1	1
1953	18.237	4	1	1
1954	13.967	4	1	1
1955	13.564	4	1	1
1956	6.626	4	1	1
1957	4.607	4	1	1
1958	3.549	4	1	1
1959	3.904	4	1	1
1960	12.615	4	1	1
1961	4.265	4	1	1
1962	11.948	4	1	1
1963	6.485	4	1	1
1964	6.464	4	1	1
1965	2.097	4	1	1
1966	1.863	4	1	1
1967	5.434	4	1	1
1968	5.79	4	1	1
1969	1.837	4	1	1
1970	8.23	4	1	1
1971	4.156	4	1	1
1972	3.572	4	1	1
1973	12.434	4	1	1
1974	8.852	4	1	1
1975	8.037	4	1	1
1976	13.849	4	1	1
1977	14.613	4	1	1
1978	7.747	4	1	1
1979	5.669	4	1	1
1980	12.957	4	1	1
1981	15.811	4	1	1
1982	16.238	4	1	1
1983	18.214	4	1	1
1984	13.788	4	1	1
1985	8.483	4	1	1
1986	20.056	4	1	1
1987	12.431	4	1	1
1988	26.467	5	1.1666	1
1989	21.098	5	1.1666	1
1990	28.551	5	1.1666	1
1991	18.429	5	1.1666	1
1992	42.594	5	1.1666	1
1993	31.717	5	1.1666	1
1994	28.79	5	1.1666	1
1995	21.343	5	1.1666	1
1996	20.344	5	1.1666	1
1997	27.016	5	1.1666	1
1998	29.738	5	1.1666	1
1999	30.208	5	1.1666	1
2000	30.81	5	1.1666	1
2001	24.334	5	1.1666	1
2002	20.318	5	1.1666	1
2003	22.887	5	1.1666	1
2004	26.619	5	1.1666	1
2005	22.36	5	1.1666	1
2006	8.533	5	1.1666	1
2007	8.77	5	1.1666	1
2008	3.971	5	1.1666	1
2009	10.183	5	1.1666	1
2010	8.121	5	1.1666	1
2011	9.906	5	1.1666	1
2012	7.107	5	1.1666	1
#Age composition data by year, gear (ages 2-15+)
#na_gears
3
#na_nobs
18	40	31
#a_sage
2	2	2
#a_page
10	10	10
#yr gear   		V2   V3   V4   V5  V6  V7  V8 V9 V10  #Number aged.
1951	1	129	1518	2693	638	269	66	3	0	0
1952	1	267	1035	1551	1966	232	79	23	2	0
1953	1	274	822	702	779	297	39	13	0	0
1954	1	126	2198	640	147	41	5	0	2	0
1955	1	156	181	1749	213	36	9	0	0	0
1956	1	852	683	458	2862	145	17	2	0	1
1957	1	758	2357	501	284	688	33	1	0	0
1958	1	880	2272	439	45	20	17	0	0	0
1959	1	189	2430	1831	401	40	22	21	1	0
1960	1	545	309	364	77	16	1	1	0	0
1961	1	450	902	301	826	276	22	3	1	0
1962	1	43	308	117	16	64	13	1	0	0
1963	1	4	324	604	58	30	30	2	0	0
1964	1	164	549	320	118	17	1	0	0	0
1965	1	143	637	591	277	95	6	1	0	0
1971	1	137	377	351	36	40	9	1	1	0
1980	1	1	14	18	51	30	20	3	1	0
1982	1	2	18	11	27	5	2	4	0	0
1972	2	75	530	494	448	120	76	19	1	0
1973	2	15	615	228	198	150	25	6	2	0
1974	2	44	278	602	287	187	100	14	3	0
1975	2	103	2932	2269	2477	764	283	60	6	2
1976	2	163	637	2234	1132	912	246	80	13	1
1977	2	18	492	587	818	408	221	51	10	1
1978	2	3	356	212	278	322	151	49	15	5
1980	2	186	2305	214	266	121	76	21	13	1
1981	2	197	759	3325	408	314	146	35	19	6
1982	2	59	548	376	2112	182	160	51	17	0
1983	2	29	381	840	589	3109	274	169	40	11
1984	2	274	460	637	1143	1016	2563	142	52	6
1985	2	149	2052	410	457	698	638	987	24	7
1986	2	240	972	2378	516	384	404	367	697	25
1987	2	256	1169	744	1626	289	230	294	235	275
1988	2	59	3528	606	326	370	87	76	78	44
1989	2	72	260	4300	517	202	158	42	45	36
1990	2	66	383	346	4973	511	258	202	51	28
1991	2	144	1337	480	440	3947	453	166	105	23
1992	2	146	4241	828	199	250	1362	155	44	34
1993	2	252	586	5608	848	177	225	916	98	28
1994	2	85	1538	620	3888	549	148	199	257	22
1995	2	74	581	2250	894	4604	609	192	220	155
1996	2	667	1114	323	926	388	1698	325	83	43
1997	2	146	3892	1161	249	422	274	583	106	27
1998	2	34	2393	2793	553	155	202	198	192	41
1999	2	39	440	2141	1709	326	81	106	97	55
2000	2	16	865	490	1572	1186	263	53	41	26
2001	2	112	340	1194	517	1173	831	181	38	15
2002	2	269	1851	579	971	338	1124	475	78	13
2003	2	22	2144	1138	365	400	183	317	120	24
2004	2	37	225	2085	542	112	147	75	70	17
2005	2	42	2311	1037	2101	566	125	112	60	30
2006	2	53	702	3246	585	967	199	44	31	3
2007	2	32	700	444	739	190	185	37	10	1
2008	2	144	146	659	184	246	44	43	8	1
2009	2	60	2059	308	238	67	63	8	10	2
2010	2	41	387	1597	133	189	51	52	2	6
2011	2	124	1359	427	671	85	63	18	16	4
2012	2	56	200	1056	257	371	53	34	11	7
1972	3	0	1	8	27	5	3	0	0	0
1973	3	0	4	28	43	21	2	1	0	0
1974	3	0	2	106	184	116	58	8	0	0
1975	3	0	16	99	171	59	21	9	0	0
1976	3	0	10	230	364	431	144	37	5	1
1977	3	0	5	59	161	143	61	18	6	0
1978	3	0	7	74	277	345	149	30	3	1
1980	3	0	6	1	39	24	21	13	7	0
1981	3	4	22	722	194	213	153	74	27	7
1982	3	0	31	75	944	84	71	28	8	1
1983	3	0	9	124	224	1177	87	67	11	4
1984	3	0	3	34	141	190	655	51	12	6
1985	3	0	43	84	137	303	349	558	18	13
1986	3	0	18	248	126	101	166	134	219	6
1987	3	0	8	76	440	115	77	97	80	84
1988	3	0	23	56	80	144	72	37	51	46
1989	3	0	2	180	159	107	91	33	23	16
1990	3	0	0	8	529	133	50	62	9	12
1991	3	0	3	13	34	377	51	38	19	5
1992	3	0	66	87	61	101	659	98	35	10
1993	3	0	2	342	112	44	45	211	17	8
1994	3	0	30	94	1287	237	69	83	135	12
1995	3	0	3	112	101	823	135	23	29	37
1996	3	0	2	8	102	65	306	59	12	7
1997	3	0	7	15	32	117	99	197	37	7
1998	3	0	5	149	142	90	183	164	217	62
1999	3	0	1	123	382	151	51	44	46	35
2000	3	0	3	14	277	285	71	11	6	14
2001	3	0	0	39	46	422	225	57	9	0
2002	3	0	3	30	105	38	237	83	7	1
2003	3	0	4	33	103	238	104	306	114	20
#n_wt_obs
62
#Mean weight-at-age in kilograms (see "input data 2012.xls")
#A$yr     V1     V2     V3     V4     V5     V6     V7     V8     V9
1951	0.048	0.0842	0.1138	0.1371	0.1465	0.1559	0.161	0.1352	0.18
1952	0.0466	0.0869	0.1121	0.1311	0.1476	0.1578	0.1636	0.173	0.18
1953	0.0358	0.0833	0.1078	0.1273	0.1474	0.1616	0.1699	0.1352	0.18
1954	0.026	0.0626	0.0937	0.1167	0.1378	0.133	0.1545	0.131	0.18
1955	0.038	0.0725	0.0966	0.1204	0.1429	0.1347	0.1545	0.1352	0.18
1956	0.0406	0.0834	0.1107	0.1269	0.1436	0.1581	0.122	0.1352	0.18
1957	0.04	0.0821	0.1082	0.1222	0.1322	0.1487	0.173	0.1352	0.18
1958	0.0374	0.0725	0.0956	0.1157	0.1282	0.1465	0.1545	0.1352	0.18
1959	0.0391	0.0774	0.0938	0.1098	0.1069	0.1316	0.1345	0.127	0.18
1960	0.0447	0.0639	0.081	0.1034	0.1078	0.147	0.124	0.1352	0.18
1961	0.0379	0.0771	0.0985	0.1206	0.1241	0.1317	0.1223	0.11	0.18
1962	0.047	0.0808	0.1074	0.1314	0.1436	0.1554	0.122	0.1352	0.18
1963	0.0598	0.0825	0.1035	0.1236	0.1425	0.1543	0.1655	0.1352	0.18
1964	0.0457	0.0858	0.108	0.1271	0.1282	0.154	0.1545	0.1352	0.18
1965	0.0525	0.1037	0.1271	0.1474	0.1675	0.1757	0.242	0.1352	0.18
1966	0.0426	0.0799	0.1039	0.124	0.1365	0.1497	0.1545	0.1352	0.18
1967	0.0426	0.0799	0.1039	0.124	0.1365	0.1497	0.1545	0.1352	0.18
1968	0.0426	0.0799	0.1039	0.124	0.1365	0.1497	0.1545	0.1352	0.18
1969	0.0426	0.0799	0.1039	0.124	0.1365	0.1497	0.1545	0.1352	0.18
1970	0.0559	0.0897	0.1165	0.1386	0.1573	0.1713	0.185	0.1978	0.2077
1971	0.0502	0.0934	0.1275	0.1576	0.1712	0.1819	0.176	0.178	0.2077
1972	0.0605	0.0945	0.1172	0.1418	0.1576	0.1654	0.1973	0.193	0.2077
1973	0.0594	0.0986	0.1312	0.156	0.173	0.1834	0.1972	0.234	0.2077
1974	0.0492	0.0869	0.1209	0.1416	0.1658	0.1788	0.1974	0.2167	0.2077
1975	0.0448	0.0836	0.1187	0.1444	0.1662	0.1862	0.1989	0.2037	0.2205
1976	0.0445	0.0814	0.1081	0.1356	0.1553	0.1754	0.1913	0.2004	0.21
1977	0.0598	0.0891	0.1164	0.1382	0.166	0.1839	0.1987	0.2219	0.225
1978	0.049	0.0856	0.1142	0.1338	0.1612	0.1864	0.216	0.2269	0.2442
1979	0.0832	0.1065	0.1286	0.1534	0.1755	0.1913	0.2116	0.235	0.2077
1980	0.0504	0.0815	0.0998	0.1244	0.144	0.1614	0.1688	0.1981	0.212
1981	0.0452	0.0749	0.099	0.1156	0.1338	0.15	0.1755	0.1747	0.204
1982	0.0521	0.088	0.1094	0.13	0.1392	0.1519	0.1683	0.1824	0.2077
1983	0.0614	0.0907	0.1107	0.1292	0.1424	0.1493	0.1567	0.1727	0.1855
1984	0.059	0.09	0.1082	0.1223	0.1352	0.1419	0.1556	0.1761	0.1782
1985	0.062	0.0951	0.1234	0.1399	0.1502	0.1653	0.1734	0.1753	0.2029
1986	0.0623	0.0989	0.1268	0.1422	0.1551	0.1667	0.1734	0.1802	0.1992
1987	0.0594	0.0918	0.1221	0.1491	0.1683	0.179	0.1845	0.1957	0.2077
1988	0.0541	0.0842	0.1143	0.139	0.1711	0.1844	0.1889	0.1957	0.2031
1989	0.0563	0.083	0.1032	0.1301	0.1465	0.1728	0.1797	0.1804	0.1936
1990	0.0572	0.0843	0.1065	0.1262	0.1476	0.1685	0.1787	0.1877	0.1916
1991	0.0577	0.0846	0.1062	0.1288	0.1447	0.165	0.1784	0.1868	0.1992
1992	0.05	0.086	0.1055	0.1236	0.1362	0.1511	0.1683	0.1874	0.1932
1993	0.0517	0.0858	0.1052	0.1201	0.133	0.1404	0.1538	0.1674	0.1716
1994	0.0476	0.0831	0.1066	0.1225	0.1339	0.1481	0.1581	0.163	0.175
1995	0.0478	0.0796	0.1057	0.1233	0.1348	0.1438	0.1522	0.1561	0.1624
1996	0.0607	0.0781	0.1025	0.1258	0.1397	0.1476	0.1581	0.1655	0.1617
1997	0.0456	0.0761	0.0888	0.1054	0.132	0.1432	0.1493	0.1596	0.1607
1998	0.0415	0.0716	0.0874	0.1006	0.1173	0.1404	0.1462	0.154	0.1629
1999	0.0538	0.0681	0.0902	0.1054	0.1138	0.1292	0.1478	0.1545	0.1582
2000	0.0514	0.0771	0.0881	0.1127	0.1268	0.1377	0.145	0.166	0.1756
2001	0.0445	0.0734	0.0974	0.1061	0.1255	0.1358	0.1468	0.1569	0.1631
2002	0.0512	0.067	0.0878	0.1084	0.1187	0.1295	0.1366	0.1414	0.1507
2003	0.0478	0.0773	0.0885	0.1111	0.1264	0.1371	0.1433	0.1508	0.1629
2004	0.0481	0.0696	0.0912	0.0962	0.1125	0.1248	0.1362	0.1365	0.1461
2005	0.0378	0.0675	0.0752	0.1062	0.1091	0.1259	0.136	0.1404	0.1521
2006	0.0388	0.0605	0.0786	0.0919	0.1106	0.1147	0.1281	0.1347	0.1447
2007	0.041	0.0651	0.075	0.0955	0.1025	0.1184	0.1202	0.1397	0.143
2008	0.043	0.0606	0.0757	0.0873	0.1034	0.1153	0.126	0.1344	0.167
2009	0.0405	0.0664	0.0727	0.0921	0.1035	0.1219	0.1346	0.1315	0.135
2010	0.0481	0.0667	0.0841	0.0928	0.1046	0.1034	0.1228	0.154	0.132
2011	0.0325	0.0601	0.0724	0.0912	0.10	0.1177	0.1185	0.1342	0.1563
2012	0.053	0.0618	0.0752	0.0851	0.0989	0.1032	0.1144	0.1347	0.1304
#eof
999
